41.14599476336766 39.30725263705821
41.12103677950405 39.3017948291714
41.10041931457327 39.29339737062961
41.07925928477588 39.28163923650657
41.064610033377676 39.27365937837922
41.03693922518108 39.25811704629327
41.01306637105069 39.24047022255904
40.972916570922294 39.21609349960639
40.93113907619411 39.180774270706856
40.864682674724456 39.13635327102666
40.83420965163493 39.10813657429804
40.79685562333167 39.07151429051922
40.77031460322144 39.05014251060211
40.73984158013192 39.03334585956562
40.701504551083815 39.00890723907544
40.68381053767701 38.99057273046447
40.64743951011856 38.94395114060425
40.6029656948538 38.89000116464122
40.57981404998068 38.85137607163747
40.54605296440988 38.80964354075268
40.515320182119865 38.77664139208299
40.49382222616625 38.76116925552733
40.44586524750052 38.741824366433235
40.36814186828363 38.73408494301016
40.30860906718133 38.737954759557226
40.25238364391805 38.7482732452738
40.214348798769365 38.75601113102457
40.16639182010363 38.75987975935251
40.12504959711591 38.75859023987695
40.0803999962892 38.74698351610207
40.03575039546248 38.736664844004686
40.0010229281528 38.71989382192017
39.936042963634186 38.69040441737352
39.87508818961411 38.66277353105155
39.8356912852403 38.64484101643265
39.81675512630459 38.628987964342215
39.789227163843904 38.61516200514431
39.74662436479763 38.60184559944055
39.67387189258014 38.57827975100491
39.62217837378812 38.55892960111213
39.50277394029575 38.52332332850597
39.40829082181747 38.485405961867606
39.30660101254484 38.441719677207004
39.228740202308025 38.408623333093
39.15942433329994 38.376947263243856
39.05861838861165 38.3433533561955
39.00506805394014 38.32319175101105
38.934561394656264 38.29034146511355
38.839083626876 38.23844230608862
38.72891697174493 38.17380491594102
38.71275919565904 38.15763660169278
38.686319198427576 38.143775192678056
38.62462587155417 38.13048887062917
38.57101143272373 38.10968803235579
38.50093101628773 38.072564186238985
38.4726293096501 38.0608927980392
38.436241401116035 38.056648195241635
38.38098568815687 38.05452580152083
38.33651157772631 38.052403346253534
38.279908164451086 38.034359991700775
38.239477154968775 38.02055913243114
38.20578464706684 37.999321965262105
38.15457203505592 37.97701631898168
38.089882419884205 37.953641226113824
38.01845430313213 37.93451061573552
37.936244583851426 37.907932062053305
37.88503197184048 37.89091674719443
37.81495155540449 37.871769816426855
37.7610435427614 37.85261790835901
37.70578782980224 37.83239660657766
37.65187981715915 37.80152182648937
37.611448807676844 37.76850347356355
37.58314710103923 37.748259128027904
37.54675919250515 37.72481138632299
37.51306668460322 37.70455508824782
37.48206957733345 37.678960270623556
37.44163856785112 37.65015554246302
37.39581675710451 37.62454195675575
37.35134264667396 37.597851750075755
37.28934843213442 37.56901556947427
37.22735421759488 37.54444260655283
37.17479390526787 37.5230682265747
37.11819049199262 37.50703342175946
37.07641178219424 37.492064495768524
37.04406697460839 37.48137056867587
37.01306986733861 37.46639649913378
36.97129115754022 37.44820966750615
36.93759864963829 37.43001841341255
36.899863040788134 37.40647022686786
36.86482283257013 37.3711340658883
36.828434924036046 37.33149493168137
36.782613113289436 37.27360566753266
36.75835450760004 37.23713401533277
36.73274820159458 37.20708528084839
36.70309879464088 37.16521174036542
36.668058586422866 37.128687663146145
36.63032297757272 37.08677068208831
36.60316782314452 37.05788211768378
36.58325404323049 37.00874630739242
36.568771294202115 36.95668551233642
36.55790923243082 36.898798415193625
36.54342648340244 36.85390568914785
36.512650641717144 36.7930412048972
36.4878144640478 36.75263174497868
36.45622054667051 36.69729629550289
36.42462662929319 36.65694195725944
36.40356401770833 36.62501889296155
36.39186256682783 36.60247700140037
36.38016111594737 36.55643351550703
36.34001652682055 36.46283642939888
36.30671661882303 36.39674799729578
