3.648855550072202192e+01 3.675242695502927859e+01
3.647827181214999115e+01 3.669983254991320365e+01
3.645672503609426940e+01 3.661537077227332304e+01
3.643742283380354507e+01 3.648089900566552757e+01
3.638575991562215250e+01 3.627552482239800469e+01
3.635669952414512807e+01 3.612787629826596003e+01
3.631364709232730803e+01 3.596427040579814616e+01
3.629097324388169454e+01 3.571795244941101544e+01
3.628125078585205898e+01 3.554805793160917915e+01
3.629097324388169454e+01 3.541346730859128655e+01
3.631527938895579410e+01 3.532427615164527879e+01
3.634038262807495556e+01 3.522724542016862870e+01
3.635232093781723250e+01 3.511005067891993292e+01
3.634444676304471500e+01 3.496901424417353610e+01
3.633607891806187951e+01 3.483205545410869064e+01
3.633384101564372770e+01 3.468680963457237709e+01
3.631817569871667217e+01 3.459843430599013203e+01
3.629579667453516834e+01 3.451180891936317607e+01
3.625775233342660897e+01 3.442878524459408141e+01
3.621970799231804250e+01 3.435676462016008514e+01
3.618390155362764204e+01 3.430686789988045859e+01
3.611900238350126813e+01 3.424399279415398922e+01
3.606081692062934962e+01 3.417181347175220907e+01
3.601829677468448665e+01 3.409771921864818012e+01
3.597130082390332717e+01 3.401799548696502740e+01
3.591759116586771228e+01 3.395304874648766713e+01
3.587283311750470460e+01 3.388619463202424953e+01
3.577660331352423384e+01 3.374116424559301208e+01
3.571617994823415643e+01 3.365179265684347598e+01
3.565799448536225214e+01 3.354740839880616932e+01
3.562442594908998217e+01 3.345970272803809564e+01
3.558638160798142280e+01 3.338312098943836759e+01
3.555952677896361536e+01 3.325782995617237958e+01
3.555728887654547066e+01 3.320354369100063252e+01
3.556400258379991897e+01 3.312673667614731698e+01
3.559491352123920649e+01 3.306855406806221254e+01
3.562172722355303023e+01 3.301472698860409594e+01
3.562948908474913878e+01 3.294014291415968643e+01
3.561961035231772854e+01 3.282162624258843664e+01
3.560876063216292664e+01 3.268708994814844715e+01
3.558861951039958171e+01 3.249665488298081328e+01
3.557295419347251908e+01 3.232283760915377968e+01
3.556400258379991897e+01 3.213731675147491984e+01
3.554386146203656693e+01 3.190583396561886076e+01
3.550357921850986287e+01 3.163376286543223159e+01
3.545434536531054448e+01 3.132266663317517441e+01
3.541699566847970715e+01 3.096283773468602973e+01
3.538463334323112974e+01 3.074577612702416829e+01
3.534462665399805559e+01 3.055512839951772008e+01
3.526995254762505994e+01 3.038003296568702183e+01
3.516132712734660970e+01 3.005015540695120535e+01
3.506511604081425304e+01 2.977306805767444686e+01
3.494407628678968791e+01 2.951141878200682811e+01
3.479510428183636606e+01 2.923284280289125192e+01
3.468038575620987984e+01 2.889424529793354779e+01
3.459222027722271520e+01 2.853737394684419115e+01
3.447692695854719602e+01 2.818526768628565549e+01
3.442267127917048697e+01 2.792192214102586334e+01
3.437616573656595875e+01 2.764800467796772665e+01
3.437125366803400084e+01 2.761536592714312022e+01
3.454699999999999704e+01 2.726190000000000069e+01
3.487480000000000047e+01 2.680780000000000030e+01
3.519989999999999952e+01 2.635300000000000153e+01
3.554560000000000031e+01 2.591910000000000025e+01
3.588880000000000337e+01 2.548440000000000083e+01
3.606609999999999872e+01 2.505529999999999902e+01
3.624219999999999686e+01 2.462600000000000122e+01
3.640729999999999933e+01 2.413269999999999982e+01
3.657110000000000127e+01 2.363919999999999888e+01
3.704249999999999687e+01 2.322589999999999932e+01
3.753979999999999961e+01 2.249449999999999861e+01
3.782529999999999859e+01 2.184339999999999904e+01
3.797469999999999857e+01 2.102130000000000010e+01
3.807450000000000045e+01 2.038909999999999911e+01
3.839569999999999794e+01 1.990749999999999886e+01
3.882609999999999673e+01 1.944750000000000156e+01
3.929780000000000229e+01 1.902980000000000160e+01
3.958990000000000009e+01 1.841929999999999978e+01
3.998669999999999902e+01 1.794940000000000069e+01
4.033129999999999882e+01 1.726620000000000132e+01
4.025119999999999720e+01 1.678509999999999991e+01
4.017159999999999798e+01 1.630399999999999849e+01
3.967069999999999652e+01 1.577159999999999940e+01
3.977669999999999817e+01 1.513770000000000060e+01
4.002629999999999910e+01 1.471920000000000073e+01
4.027499999999999858e+01 1.430049999999999955e+01
4.061399999999999721e+01 1.374169999999999980e+01
4.009120000000000061e+01 1.320940000000000047e+01
4.050710000000000122e+01 1.259980000000000011e+01
4.085679999999999978e+01 1.220550000000000068e+01
4.120550000000000068e+01 1.181070000000000064e+01
4.164869999999999806e+01 1.218900000000000006e+01
4.203320000000000078e+01 1.157719999999999949e+01
4.284129999999999683e+01 1.179499999999999993e+01
4.364950000000000330e+01 1.201270000000000060e+01
4.404930000000000234e+01 1.200799999999999912e+01
4.451310000000000144e+01 1.201260000000000083e+01
4.478020000000000067e+01 1.202239999999999931e+01
4.488170000000000215e+01 1.201890000000000036e+01
4.491320000000000334e+01 1.201159999999999961e+01
4.509689999999999799e+01 1.199890000000000079e+01
4.528110000000000213e+01 1.199830000000000041e+01
4.532770000000000010e+01 1.205250000000000021e+01
4.542799999999999727e+01 1.201759999999999984e+01
4.552179999999999893e+01 1.198290000000000077e+01
4.560179999999999723e+01 1.207300000000000040e+01
4.563719999999999999e+01 1.215859999999999985e+01
4.564959999999999951e+01 1.215189999999999948e+01
4.585090000000000288e+01 1.210019999999999918e+01
4.610969999999999658e+01 1.205809999999999960e+01
4.615030000000000143e+01 1.211229999999999940e+01
4.619760000000000133e+01 1.217239999999999966e+01
4.631069999999999709e+01 1.214250000000000007e+01
4.642900000000000205e+01 1.208750000000000036e+01
4.651080000000000325e+01 1.220190000000000019e+01
4.657889999999999731e+01 1.229209999999999958e+01
4.671679999999999922e+01 1.224820000000000064e+01
4.684870000000000090e+01 1.221080000000000076e+01
4.692969999999999686e+01 1.230020000000000024e+01
4.699230000000000018e+01 1.240300000000000047e+01
4.704890000000000327e+01 1.238770000000000060e+01
4.713029999999999831e+01 1.235870000000000068e+01
4.716129999999999711e+01 1.246299999999999919e+01
4.731900000000000261e+01 1.243009999999999948e+01
4.753889999999999816e+01 1.236870000000000047e+01
4.758749999999999858e+01 1.244089999999999918e+01
4.764939999999999998e+01 1.251849999999999952e+01
4.778829999999999956e+01 1.249230000000000018e+01
4.790140000000000242e+01 1.246110000000000007e+01
4.799139999999999873e+01 1.258070000000000022e+01
4.804789999999999850e+01 1.267099999999999937e+01
4.814200000000000301e+01 1.264070000000000071e+01
4.826749999999999829e+01 1.260229999999999961e+01
4.834870000000000090e+01 1.257259999999999955e+01
4.844789999999999708e+01 1.272889999999999944e+01
4.856710000000000349e+01 1.269059999999999988e+01
4.869919999999999760e+01 1.265760000000000041e+01
4.880250000000000199e+01 1.276980000000000004e+01
4.888199999999999790e+01 1.290840000000000032e+01
4.907050000000000267e+01 1.285280000000000022e+01
4.927839999999999776e+01 1.280189999999999984e+01
4.934899999999999665e+01 1.289729999999999954e+01
4.942960000000000065e+01 1.304190000000000005e+01
4.947209999999999752e+01 1.300779999999999959e+01
4.959259999999999735e+01 1.316859999999999964e+01
4.967999999999999972e+01 1.331279999999999930e+01
4.984909999999999997e+01 1.325120000000000076e+01
5.006139999999999901e+01 1.316750000000000043e+01
5.016729999999999734e+01 1.312250000000000050e+01
5.025240000000000151e+01 1.322899999999999920e+01
5.031020000000000181e+01 1.331250000000000000e+01
5.042940000000000111e+01 1.327250000000000085e+01
5.057300000000000040e+01 1.321809999999999974e+01
5.066149999999999665e+01 1.336180000000000057e+01
5.084159999999999968e+01 1.327940000000000076e+01
5.107900000000000063e+01 1.319229999999999947e+01
5.125319999999999965e+01 1.312229999999999919e+01
5.134290000000000020e+01 1.327180000000000071e+01
5.144870000000000232e+01 1.345759999999999934e+01
5.156980000000000075e+01 1.366729999999999912e+01
5.176250000000000284e+01 1.402829999999999977e+01
5.193999999999999773e+01 1.435299999999999976e+01
5.213889999999999958e+01 1.468870000000000076e+01
5.229919999999999902e+01 1.466249999999999964e+01
5.254690000000000083e+01 1.459720000000000084e+01
5.266720000000000113e+01 1.456150000000000055e+01
5.273700000000000188e+01 1.468130000000000024e+01
5.290709999999999980e+01 1.462209999999999965e+01
5.312219999999999942e+01 1.455860000000000021e+01
5.321130000000000138e+01 1.453790000000000049e+01
5.322019999999999840e+01 1.456230000000000047e+01
5.335840000000000316e+01 1.451179999999999914e+01
5.357900000000000063e+01 1.444079999999999941e+01
5.381799999999999784e+01 1.436149999999999949e+01
5.386249999999999716e+01 1.435089999999999932e+01
5.392869999999999919e+01 1.448939999999999984e+01
5.401769999999999783e+01 1.465729999999999933e+01
5.406869999999999976e+01 1.477219999999999978e+01
5.414939999999999998e+01 1.473279999999999923e+01
5.419259999999999877e+01 1.470960000000000001e+01
5.424929999999999808e+01 1.469139999999999979e+01
5.428739999999999810e+01 1.468140000000000001e+01
5.433189999999999742e+01 1.467070000000000007e+01
5.438730000000000331e+01 1.463990000000000080e+01
5.445049999999999812e+01 1.462100000000000044e+01
5.451100000000000279e+01 1.476009999999999955e+01
5.454890000000000327e+01 1.486979999999999968e+01
5.473080000000000211e+01 1.480100000000000016e+01
5.495759999999999934e+01 1.472719999999999985e+01
5.504729999999999990e+01 1.471160000000000068e+01
5.510840000000000316e+01 1.485050000000000026e+01
5.527779999999999916e+01 1.478850000000000087e+01
5.547999999999999687e+01 1.472920000000000051e+01
5.563119999999999976e+01 1.468140000000000001e+01
5.566850000000000165e+01 1.472160000000000046e+01
5.582180000000000319e+01 1.469229999999999947e+01
5.605740000000000123e+01 1.464109999999999978e+01
5.617909999999999826e+01 1.462129999999999974e+01
5.620790000000000219e+01 1.464329999999999998e+01
5.626520000000000010e+01 1.462320000000000064e+01
5.700150000000000006e+01 1.466009999999999991e+01
5.747619999999999862e+01 1.466200000000000081e+01
5.798360000000000269e+01 1.459939999999999927e+01
5.821309999999999718e+01 1.491600000000000037e+01
5.858919999999999817e+01 1.464600000000000080e+01
5.903370000000000317e+01 1.508760000000000012e+01
5.940959999999999752e+01 1.489509999999999934e+01
5.964229999999999876e+01 1.524179999999999957e+01
5.990859999999999985e+01 1.557210000000000072e+01
5.996419999999999817e+01 1.614229999999999876e+01
6.002020000000000266e+01 1.671259999999999835e+01
6.006190000000000140e+01 1.745769999999999911e+01
6.021479999999999677e+01 1.823969999999999914e+01
6.045640000000000214e+01 1.879830000000000112e+01
6.071220000000000283e+01 1.930570000000000164e+01
6.096959999999999980e+01 1.981269999999999953e+01
6.123010000000000019e+01 2.023029999999999973e+01
6.149190000000000111e+01 2.064430000000000121e+01
6.184810000000000230e+01 2.112580000000000169e+01
6.209629999999999939e+01 2.142490000000000094e+01
6.213250000000000028e+01 2.208279999999999887e+01
6.250249999999999773e+01 2.238500000000000156e+01
6.287720000000000198e+01 2.268299999999999983e+01
6.363130000000000308e+01 2.320080000000000098e+01
6.427540000000000475e+01 2.369359999999999999e+01
6.465109999999999957e+01 2.403829999999999956e+01
6.502819999999999823e+01 2.438240000000000052e+01
6.502819999999999823e+01 2.438240000000000052e+01
6.416150000000000375e+01 2.434979999999999833e+01
6.336560000000000059e+01 2.428539999999999921e+01
6.258059999999999690e+01 2.428300000000000125e+01
6.195539999999999736e+01 2.408689999999999998e+01
6.136460000000000292e+01 2.412199999999999989e+01
6.086959999999999837e+01 2.417749999999999844e+01
6.037409999999999854e+01 2.423150000000000048e+01
5.960260000000000247e+01 2.431129999999999924e+01
5.871569999999999823e+01 2.436329999999999885e+01
5.783160000000000167e+01 2.444269999999999854e+01
5.734539999999999793e+01 2.478839999999999932e+01
5.712140000000000128e+01 2.555180000000000007e+01
5.705700000000000216e+01 2.604850000000000065e+01
5.699210000000000065e+01 2.654520000000000124e+01
5.687530000000000285e+01 2.730069999999999908e+01
5.642329999999999757e+01 2.736850000000000094e+01
5.566179999999999950e+01 2.694709999999999894e+01
5.472829999999999728e+01 2.666789999999999949e+01
5.386010000000000275e+01 2.671730000000000160e+01
5.324060000000000059e+01 2.712130000000000152e+01
5.250379999999999825e+01 2.756109999999999971e+01
5.191199999999999903e+01 2.795730000000000004e+01
5.128300000000000125e+01 2.848730000000000118e+01
5.099810000000000088e+01 2.907189999999999941e+01
5.105729999999999791e+01 2.957799999999999940e+01
5.045259999999999678e+01 3.010310000000000130e+01
4.997399999999999665e+01 3.045319999999999894e+01
4.949190000000000111e+01 3.080160000000000053e+01
4.926489999999999725e+01 3.121170000000000044e+01
4.903600000000000136e+01 3.162140000000000128e+01
4.848919999999999675e+01 3.223740000000000094e+01
4.817020000000000124e+01 3.230819999999999936e+01
4.777020000000000266e+01 3.231110000000000326e+01
4.741069999999999851e+01 3.244789999999999708e+01
4.660759999999999792e+01 3.288739999999999952e+01
4.591770000000000351e+01 3.339050000000000296e+01
4.550520000000000209e+01 3.389330000000000354e+01
4.500000000000000000e+01 3.459060000000000201e+01
4.483610000000000184e+01 3.502450000000000330e+01
4.467049999999999699e+01 3.545810000000000173e+01
4.451480000000000103e+01 3.601500000000000057e+01
4.435979584913307150e+01 3.656053395032093789e+01
4.414740712747170193e+01 3.687935349824908826e+01
4.406245163880713989e+01 3.707062551114695736e+01
4.404953184370190655e+01 3.723284221986996556e+01
4.399876544591989358e+01 3.754975331883272816e+01
4.399151310337960297e+01 3.792827519334039721e+01
4.389723265035584632e+01 3.830485834143534163e+01
4.362889597636513628e+01 3.865684664189051745e+01
4.347080158682064166e+01 3.875609763804462915e+01
4.267328561964414035e+01 3.898032531689685243e+01
4.199767349992328036e+01 3.912396820289438182e+01
4.143649220326418714e+01 3.922847294756866887e+01
4.114649628180627872e+01 3.930614308167628934e+01
4.114599476336766060e+01 3.930725263705821249e+01
4.112103677950405256e+01 3.930179482917139921e+01
4.110041931457327280e+01 3.929339737062961291e+01
4.107925928477587973e+01 3.928163923650657097e+01
4.106461003337767579e+01 3.927365937837922161e+01
4.103693922518107939e+01 3.925811704629327181e+01
4.101306637105069086e+01 3.924047022255903983e+01
4.097291657092229400e+01 3.921609349960638724e+01
4.093113907619410696e+01 3.918077427070685559e+01
4.086468267472445604e+01 3.913635327102665684e+01
4.083420965163492866e+01 3.910813657429803669e+01
4.079685562333167326e+01 3.907151429051921809e+01
4.077031460322144341e+01 3.905014251060210739e+01
4.073984158013192314e+01 3.903334585956562108e+01
4.070150455108381493e+01 3.900890723907544100e+01
4.068381053767701161e+01 3.899057273046447136e+01
4.064743951011855927e+01 3.894395114060424845e+01
4.060296569485380047e+01 3.889000116464121959e+01
4.057981404998068342e+01 3.885137607163746765e+01
4.054605296440988127e+01 3.880964354075268119e+01
4.051532018211986497e+01 3.877664139208299332e+01
4.049382222616625171e+01 3.876116925552732795e+01
4.044586524750052092e+01 3.874182436643323513e+01
4.036814186828362949e+01 3.873408494301015992e+01
4.030860906718132952e+01 3.873795475955722623e+01
4.025238364391805135e+01 3.874827324527380057e+01
4.021434879876936463e+01 3.875601113102457163e+01
4.016639182010362674e+01 3.875987975935250773e+01
4.012504959711591113e+01 3.875859023987695196e+01
4.008039999628920214e+01 3.874698351610206970e+01
4.003575039546247893e+01 3.873666484400468590e+01
4.000102292815279981e+01 3.871989382192016649e+01
3.993604296363418626e+01 3.869040441737352154e+01
3.987508818961411095e+01 3.866277353105154901e+01
3.983569128524030134e+01 3.864484101643265035e+01
3.981675512630459224e+01 3.862898796434221538e+01
3.978922716384390412e+01 3.861516200514431318e+01
3.974662436479763272e+01 3.860184559944055138e+01
3.967387189258013791e+01 3.857827975100490647e+01
3.962217837378811680e+01 3.855892960111213341e+01
3.950277394029574651e+01 3.852332332850596686e+01
3.940829082181746656e+01 3.848540596186760609e+01
3.930660101254483862e+01 3.844171967720700422e+01
3.922874020230802472e+01 3.840862333309299714e+01
3.915942433329993833e+01 3.837694726324385641e+01
3.905861838861164870e+01 3.834335335619550023e+01
3.900506805394014265e+01 3.832319175101105202e+01
3.893456139465626364e+01 3.829034146511354919e+01
3.883908362687599691e+01 3.823844230608862205e+01
3.872891697174492975e+01 3.817380491594101954e+01
3.871275919565903934e+01 3.815763660169277927e+01
3.868631919842757583e+01 3.814377519267805638e+01
3.862462587155417282e+01 3.813048887062917203e+01
3.857101143272372923e+01 3.810968803235579117e+01
3.850093101628772985e+01 3.807256418623898497e+01
3.847262930965010241e+01 3.806089279803919823e+01
3.843624140111603538e+01 3.805664819524163534e+01
3.838098568815686917e+01 3.805452580152083186e+01
3.833651157772631279e+01 3.805240334625353427e+01
3.827990816445108635e+01 3.803435999170077508e+01
3.823947715496877464e+01 3.802055913243113849e+01
3.820578464706684230e+01 3.799932196526210504e+01
3.815457203505592076e+01 3.797701631898168273e+01
3.808988241988420498e+01 3.795364122611382385e+01
3.801845430313213114e+01 3.793451061573551897e+01
3.793624458385142617e+01 3.790793206205330534e+01
3.788503197184048332e+01 3.789091674719443148e+01
3.781495155540449105e+01 3.787176981642685547e+01
3.776104354276139929e+01 3.785261790835900797e+01
3.770578782980224020e+01 3.783239660657766024e+01
3.765187981715914844e+01 3.780152182648937043e+01
3.761144880767684384e+01 3.776850347356354831e+01
3.758314710103923062e+01 3.774825912802790384e+01
3.754675919250514937e+01 3.772481138632299036e+01
3.751306668460321703e+01 3.770455508824782243e+01
3.748206957733344780e+01 3.767896027062355557e+01
3.744163856785112188e+01 3.765015554246301832e+01
3.739581675710451236e+01 3.762454195675574908e+01
3.735134264667396309e+01 3.759785175007575475e+01
3.728934843213441752e+01 3.756901556947426712e+01
3.722735421759487906e+01 3.754444260655282761e+01
3.717479390526786887e+01 3.752306822657470065e+01
3.711819049199262111e+01 3.750703342175945920e+01
3.707641178219424205e+01 3.749206449576852407e+01
3.704406697460839126e+01 3.748137056867587091e+01
3.701306986733860782e+01 3.746639649913377923e+01
3.697129115754022166e+01 3.744820966750614843e+01
3.693759864963828932e+01 3.743001841341254732e+01
3.689986304078813362e+01 3.740647022686786016e+01
3.686482283257012682e+01 3.737113406588829889e+01
3.682843492403604557e+01 3.733149493168136956e+01
3.678261311328943606e+01 3.727360566753265658e+01
3.675835450760003908e+01 3.723713401533277079e+01
3.673274820159458187e+01 3.720708528084838917e+01
3.670309879464087999e+01 3.716521174036542163e+01
3.666805858642286609e+01 3.712868766314614533e+01
3.663032297757271749e+01 3.708677068208830718e+01
3.660316782314451700e+01 3.705788211768378204e+01
3.658325404323048957e+01 3.700874630739242122e+01
3.656877129420211503e+01 3.695668551233642063e+01
3.655790923243082347e+01 3.689879841519362458e+01
3.654342648340244182e+01 3.685390568914785092e+01
3.651265064171714414e+01 3.679304120489720020e+01
