3.630671661882303169e+01 3.639674799729578325e+01
3.624313896000000312e+01 3.628687750999998940e+01
3.616913112999998958e+01 3.620004411999999405e+01
3.611612349999999338e+01 3.608864679999999225e+01
3.600014064999999874e+01 3.596958042000000688e+01
3.587833082664901241e+01 3.578321316608454339e+01
3.577975874882405094e+01 3.555364954661635579e+01
3.572390123805656259e+01 3.535559029966917421e+01
3.568775814285407932e+01 3.523491069510089346e+01
3.564714233970113355e+01 3.513262766562894512e+01
3.564714233970113355e+01 3.513262766562894512e+01
3.550685712107167546e+01 3.490083059053257131e+01
3.538303953583800876e+01 3.474836713244288688e+01
3.526954008270716656e+01 3.464020156042435872e+01
3.503996164341975117e+01 3.451489261272588749e+01
3.479490600597813454e+01 3.444046758250576801e+01
3.442603278330286543e+01 3.437662188426148901e+01
3.406323129278781892e+01 3.432597594631724292e+01
3.379954279986709054e+01 3.431364870758430641e+01
3.343807163445929831e+01 3.429781177910982848e+01
3.316464113373496758e+01 3.430420454586845835e+01
3.287573343485643562e+01 3.430633535998993011e+01
3.242173562233301709e+01 3.436597619790584446e+01
3.211993025832597226e+01 3.443621271883053936e+01
3.177427283288200499e+01 3.457863263278682808e+01
3.147504700190066984e+01 3.471656840486624418e+01
3.125320716169036572e+01 3.485215766786868841e+01
3.110875331225109264e+01 3.499175044988977135e+01
3.093592459952911256e+01 3.506568051834878474e+01
3.068440843747340097e+01 3.516435856222690859e+01
3.050313617921269227e+01 3.518715393138698033e+01
3.026277774686666788e+01 3.524213383736254457e+01
2.996495850203081801e+01 3.534393754962565026e+01
2.973077584797185580e+01 3.542694764442818212e+01
2.973089999999999833e+01 3.542730000000000246e+01
2.973089999999999833e+01 3.542730000000000246e+01
2.934509999999999863e+01 3.542490000000000094e+01
2.907019999999999982e+01 3.537800000000000011e+01
2.877890000000000015e+01 3.531159999999999854e+01
2.847800000000000153e+01 3.512720000000000198e+01
2.805020000000000024e+01 3.487019999999999698e+01
2.768449999999999989e+01 3.470600000000000307e+01
2.722650000000000148e+01 3.433469999999999800e+01
2.646529999999999916e+01 3.419830000000000325e+01
2.557669999999999888e+01 3.424869999999999948e+01
2.459280000000000044e+01 3.433970000000000056e+01
2.387389999999999901e+01 3.462830000000000297e+01
2.339859999999999829e+01 3.499000000000000199e+01
2.286619999999999919e+01 3.543670000000000186e+01
2.237519999999999953e+01 3.574240000000000350e+01
2.189320000000000022e+01 3.593339999999999890e+01
2.159880000000000067e+01 3.621589999999999776e+01
2.132659999999999911e+01 3.662890000000000157e+01
2.076030000000000086e+01 3.709830000000000183e+01
2.030010000000000048e+01 3.780389999999999873e+01
2.030010000000000048e+01 3.780389999999999873e+01
2.000000000000000000e+01 3.790749999999999886e+01
2.000000000000000000e+01 3.790749999999999886e+01
1.958439999999999870e+01 3.827159999999999940e+01
1.889499999999999957e+01 3.869420000000000215e+01
1.836439999999999984e+01 3.894740000000000180e+01
1.795990000000000109e+01 3.916960000000000264e+01
1.795990000000000109e+01 3.916960000000000264e+01
1.806210000000000093e+01 3.900630000000000308e+01
1.808569999999999922e+01 3.879410000000000025e+01
1.803069999999999951e+01 3.851619999999999777e+01
1.784469999999999956e+01 3.846150000000000091e+01
1.777309999999999945e+01 3.828549999999999898e+01
1.761169999999999902e+01 3.799289999999999878e+01
1.741949999999999932e+01 3.770080000000000098e+01
1.716760000000000019e+01 3.750260000000000105e+01
1.682369999999999877e+01 3.739849999999999852e+01
1.623649999999999949e+01 3.730879999999999797e+01
1.583189999999999920e+01 3.727429999999999666e+01
1.537509999999999977e+01 3.734009999999999962e+01
1.537509999999999977e+01 3.734009999999999962e+01
1.534440000000000026e+01 3.761520000000000152e+01
1.542070000000000007e+01 3.788569999999999993e+01
1.555109999999999992e+01 3.811359999999999815e+01
1.563870000000000005e+01 3.829930000000000234e+01
1.549929999999999986e+01 3.840140000000000242e+01
1.517520000000000024e+01 3.829240000000000066e+01
1.451449999999999996e+01 3.876530000000000342e+01
1.451449999999999996e+01 3.876530000000000342e+01
1.411389999999999922e+01 3.869530000000000314e+01
1.381150000000000055e+01 3.862500000000000000e+01
1.331370000000000076e+01 3.861050000000000182e+01
1.270759999999999934e+01 3.860040000000000049e+01
1.243350000000000044e+01 3.884870000000000090e+01
1.205739999999999945e+01 3.887810000000000343e+01
1.177769999999999939e+01 3.893439999999999657e+01
1.165889999999999915e+01 3.903269999999999840e+01
1.136260000000000048e+01 3.907480000000000331e+01
1.111759999999999948e+01 3.906719999999999970e+01
1.082740000000000080e+01 3.899389999999999645e+01
1.060909999999999975e+01 3.882090000000000174e+01
1.037320000000000064e+01 3.868500000000000227e+01
1.037320000000000064e+01 3.868500000000000227e+01
1.008929999999999971e+01 3.857169999999999987e+01
9.700150000000000716e+00 3.846979999999999933e+01
9.263820000000000832e+00 3.834100000000000108e+01
8.942090000000000316e+00 3.821170000000000044e+01
8.626970000000000027e+00 3.778960000000000008e+01
8.265169999999999462e+00 3.746750000000000114e+01
7.804649999999999643e+00 3.735819999999999652e+01
7.215169999999999639e+00 3.732030000000000314e+01
6.784049999999999692e+00 3.732189999999999941e+01
6.784049999999999692e+00 3.732189999999999941e+01
5.973830000000000418e+00 3.715400000000000347e+01
5.142039999999999722e+00 3.708209999999999695e+01
4.296529999999999738e+00 3.696949999999999648e+01
3.453580000000000094e+00 3.685090000000000288e+01
2.379879999999999995e+00 3.659420000000000073e+01
1.970180000000000042e+00 3.650260000000000105e+01
1.244709999999999983e+00 3.628229999999999933e+01
6.670279999999999543e-01 3.607229999999999848e+01
3.047429999999999844e-03 3.590400000000000347e+01
-7.477570000000000050e-01 3.577570000000000050e+01
-1.516240000000000032e+00 3.577089999999999748e+01
-1.991719999999999935e+00 3.589849999999999852e+01
-2.572909999999999808e+00 3.610529999999999973e+01
-2.893320000000000114e+00 3.601839999999999975e+01
-3.295949999999999935e+00 3.585770000000000124e+01
-3.749359999999999804e+00 3.559620000000000317e+01
-3.781870000000000065e+00 3.501359999999999673e+01
-4.056449999999999889e+00 3.419930000000000092e+01
-4.705619999999999692e+00 3.406810000000000116e+01
-5.072259999999999991e+00 3.407829999999999870e+01
-5.396580000000000155e+00 3.398499999999999943e+01
-5.807970000000000077e+00 3.401910000000000167e+01
-6.000239999999999796e+00 3.426339999999999719e+01
-6.039729999999999599e+00 3.451740000000000208e+01
-6.063749999999999751e+00 3.478390000000000271e+01
-6.730290000000000106e+00 3.506329999999999814e+01
-7.192610000000000170e+00 3.527289999999999992e+01
-8.031219999999999359e+00 3.566749999999999687e+01
-8.784549999999999415e+00 3.605089999999999861e+01
-9.545210000000000861e+00 3.642960000000000065e+01
-9.976850000000000662e+00 3.665140000000000242e+01
-1.042869999999999919e+01 3.639159999999999684e+01
-1.092329999999999934e+01 3.609839999999999804e+01
-1.158539999999999992e+01 3.585119999999999862e+01
-1.214240000000000030e+01 3.632759999999999678e+01
-1.290349999999999930e+01 3.686379999999999768e+01
-1.367539999999999978e+01 3.739500000000000313e+01
-1.441089999999999982e+01 3.721009999999999707e+01
-1.514269999999999960e+01 3.702060000000000173e+01
-1.538649999999999984e+01 3.721170000000000044e+01
-1.584149999999999991e+01 3.729659999999999798e+01
-1.674200000000000088e+01 3.743540000000000134e+01
-1.758429999999999893e+01 3.750339999999999918e+01
-1.812440000000000140e+01 3.746569999999999823e+01
-1.861799999999999855e+01 3.730700000000000216e+01
-1.968230000000000146e+01 3.702510000000000190e+01
-2.024030000000000129e+01 3.695430000000000348e+01
-2.079729999999999990e+01 3.688089999999999691e+01
-2.150720000000000098e+01 3.681969999999999743e+01
-2.221600000000000108e+01 3.675430000000000064e+01
-2.289329999999999998e+01 3.670199999999999818e+01
-2.356970000000000098e+01 3.664589999999999748e+01
-2.404560000000000031e+01 3.675480000000000302e+01
-2.414610000000000056e+01 3.678849999999999909e+01
-2.425540000000000163e+01 3.678099999999999881e+01
-2.431109999999999971e+01 3.679249999999999687e+01
-2.438459999999999894e+01 3.686330000000000240e+01
-2.443370000000000175e+01 3.691049999999999898e+01
-2.450019999999999953e+01 3.697070000000000078e+01
-2.455409999999999826e+01 3.701720000000000255e+01
-2.463449999999999918e+01 3.709459999999999980e+01
-2.468049999999999855e+01 3.712669999999999959e+01
-2.474950000000000117e+01 3.721739999999999782e+01
-2.473789999999999978e+01 3.727329999999999899e+01
-2.470220000000000127e+01 3.735190000000000055e+01
-2.466689999999999827e+01 3.741100000000000136e+01
-2.473320000000000007e+01 3.746730000000000160e+01
-2.477479999999999905e+01 3.750010000000000332e+01
-2.481640000000000157e+01 3.753280000000000172e+01
-2.484509999999999863e+01 3.755190000000000339e+01
-2.489150000000000063e+01 3.758389999999999986e+01
-2.493149999999999977e+01 3.760909999999999798e+01
-2.498349999999999937e+01 3.764410000000000167e+01
-2.510129999999999839e+01 3.764629999999999654e+01
-2.526709999999999923e+01 3.776919999999999789e+01
-2.535470000000000113e+01 3.766329999999999956e+01
-2.542650000000000077e+01 3.771849999999999881e+01
-2.546379999999999910e+01 3.775169999999999959e+01
-2.553839999999999932e+01 3.781810000000000116e+01
-2.563319999999999865e+01 3.772249999999999659e+01
-2.569839999999999947e+01 3.779019999999999868e+01
-2.573410000000000153e+01 3.781589999999999918e+01
-2.580809999999999960e+01 3.787830000000000297e+01
-2.591619999999999990e+01 3.783859999999999957e+01
-2.604319999999999879e+01 3.793549999999999756e+01
-2.607519999999999882e+01 3.796549999999999869e+01
-2.617139999999999844e+01 3.803600000000000136e+01
-2.630209999999999937e+01 3.804679999999999751e+01
-2.637869999999999848e+01 3.811639999999999873e+01
-2.641659999999999897e+01 3.814929999999999666e+01
-2.649429999999999907e+01 3.822249999999999659e+01
-2.653229999999999933e+01 3.825540000000000163e+01
-2.661410000000000053e+01 3.832399999999999807e+01
-2.664740000000000109e+01 3.835759999999999792e+01
-2.671799999999999997e+01 3.842020000000000124e+01
-2.682989999999999853e+01 3.827819999999999823e+01
-2.690060000000000073e+01 3.836010000000000275e+01
-2.694079999999999941e+01 3.840030000000000143e+01
-2.700679999999999836e+01 3.846350000000000335e+01
-2.702890000000000015e+01 3.849110000000000298e+01
-2.708950000000000102e+01 3.857059999999999889e+01
-2.712900000000000134e+01 3.860699999999999932e+01
-2.717429999999999879e+01 3.866579999999999728e+01
-2.720329999999999870e+01 3.869989999999999952e+01
-2.723939999999999984e+01 3.877960000000000207e+01
-2.748440000000000083e+01 3.878240000000000265e+01
-2.755880000000000152e+01 3.883630000000000138e+01
-2.760610000000000142e+01 3.886350000000000193e+01
-2.767970000000000041e+01 3.891360000000000241e+01
-2.772230000000000061e+01 3.894160000000000110e+01
-2.779329999999999856e+01 3.899980000000000047e+01
-2.795459999999999923e+01 3.900410000000000110e+01
-2.805880000000000152e+01 3.898270000000000124e+01
-2.811990000000000123e+01 3.896849999999999881e+01
-2.821549999999999869e+01 3.895239999999999725e+01
-2.829189999999999827e+01 3.893939999999999912e+01
-2.834209999999999852e+01 3.899309999999999832e+01
-2.836489999999999867e+01 3.902040000000000219e+01
-2.839549999999999841e+01 3.905799999999999983e+01
-2.842040000000000077e+01 3.909270000000000067e+01
-2.845220000000000127e+01 3.913389999999999702e+01
-2.848359999999999914e+01 3.915579999999999927e+01
-2.856650000000000134e+01 3.912989999999999924e+01
-2.861919999999999931e+01 3.912080000000000268e+01
-2.866600000000000037e+01 3.917900000000000205e+01
-2.868629999999999924e+01 3.921439999999999770e+01
-2.874540000000000006e+01 3.926259999999999906e+01
-2.878119999999999834e+01 3.929930000000000234e+01
-2.885290000000000177e+01 3.937250000000000227e+01
-2.889460000000000051e+01 3.941199999999999903e+01
-2.895050000000000168e+01 3.937890000000000157e+01
-2.898189999999999955e+01 3.936560000000000059e+01
-2.904949999999999832e+01 3.933820000000000050e+01
-2.909039999999999893e+01 3.932319999999999993e+01
-2.914720000000000155e+01 3.929370000000000118e+01
-2.918809999999999860e+01 3.927859999999999729e+01
-2.926030000000000086e+01 3.925019999999999953e+01
-2.929710000000000036e+01 3.925540000000000163e+01
-2.933500000000000085e+01 3.931499999999999773e+01
-2.976980000000000004e+01 3.939959999999999951e+01
-2.976980000000000004e+01 3.939959999999999951e+01
-2.990909999999999869e+01 3.938709999999999667e+01
-3.017139999999999844e+01 3.888799999999999812e+01
-3.043009999999999948e+01 3.838830000000000098e+01
-3.060549999999999926e+01 3.840250000000000341e+01
-3.107059999999999889e+01 3.768019999999999925e+01
-3.137130000000000152e+01 3.770490000000000208e+01
-3.151640000000000086e+01 3.728229999999999933e+01
-3.228260000000000218e+01 3.739150000000000063e+01
-3.239459999999999695e+01 3.713689999999999714e+01
-3.264560000000000173e+01 3.717629999999999768e+01
-3.270770000000000266e+01 3.703329999999999700e+01
-3.294310000000000116e+01 3.706539999999999679e+01
-3.300489999999999924e+01 3.691590000000000060e+01
-3.322460000000000235e+01 3.694080000000000297e+01
-3.331349999999999767e+01 3.669100000000000250e+01
-3.359470000000000312e+01 3.674219999999999686e+01
-3.377170000000000272e+01 3.618500000000000227e+01
-3.398160000000000025e+01 3.622120000000000317e+01
-3.405680000000000263e+01 3.607130000000000081e+01
-3.414240000000000208e+01 3.607939999999999969e+01
-3.433539999999999992e+01 3.561599999999999966e+01
-3.445949999999999847e+01 3.562460000000000093e+01
-3.474640000000000128e+01 3.501019999999999754e+01
-3.555839999999999890e+01 3.514770000000000039e+01
-3.637310000000000088e+01 3.527980000000000160e+01
-3.662310000000000088e+01 3.469290000000000163e+01
-3.678459999999999752e+01 3.471220000000000283e+01
-3.686180000000000234e+01 3.455420000000000158e+01
-3.704610000000000269e+01 3.456689999999999685e+01
-3.724459999999999837e+01 3.412380000000000280e+01
-3.733639999999999759e+01 3.413620000000000232e+01
-3.753280000000000172e+01 3.370519999999999783e+01
-3.767759999999999820e+01 3.373619999999999663e+01
-3.779749999999999943e+01 3.350119999999999720e+01
-3.859720000000000084e+01 3.363700000000000045e+01
-3.939929999999999666e+01 3.376760000000000161e+01
-3.958599999999999852e+01 3.306730000000000302e+01
-3.969989999999999952e+01 3.308409999999999940e+01
-4.012930000000000064e+01 3.244400000000000261e+01
-4.055259999999999820e+01 3.180249999999999844e+01
-4.071000000000000085e+01 3.181729999999999947e+01
-4.118359999999999843e+01 3.119409999999999883e+01
-4.143039999999999878e+01 3.123699999999999832e+01
-4.178569999999999851e+01 3.060559999999999903e+01
-4.213640000000000185e+01 2.997329999999999828e+01
-4.272860000000000014e+01 3.006970000000000098e+01
-4.303730000000000189e+01 2.947139999999999915e+01
-4.308820000000000050e+01 2.946910000000000096e+01
-4.348279999999999745e+01 2.880209999999999937e+01
-4.356320000000000192e+01 2.881080000000000041e+01
-4.394230000000000302e+01 2.810490000000000066e+01
-4.402170000000000272e+01 2.810689999999999955e+01
-4.420309999999999917e+01 2.767129999999999868e+01
-4.438309999999999889e+01 2.723549999999999827e+01
-4.450589999999999691e+01 2.725379999999999825e+01
-4.468699999999999761e+01 2.676679999999999993e+01
-4.486659999999999826e+01 2.627959999999999852e+01
-4.481629999999999825e+01 2.626999999999999957e+01
-4.489889999999999759e+01 2.605539999999999878e+01
-4.509170000000000300e+01 2.608139999999999858e+01
-4.529599999999999937e+01 2.563670000000000115e+01
-4.549880000000000280e+01 2.519180000000000064e+01
-4.579149999999999920e+01 2.525420000000000087e+01
-4.611880000000000024e+01 2.459039999999999893e+01
-4.619610000000000127e+01 2.459740000000000038e+01
-4.647579999999999956e+01 2.391740000000000066e+01
-4.569930000000000092e+01 2.378359999999999985e+01
-4.492450000000000188e+01 2.364590000000000103e+01
-4.502389999999999759e+01 2.296320000000000050e+01
-4.506580000000000297e+01 2.297309999999999874e+01
-4.515740000000000265e+01 2.238980000000000103e+01
-4.524830000000000041e+01 2.180640000000000001e+01
-4.538530000000000086e+01 2.182229999999999848e+01
-4.551520000000000010e+01 2.124650000000000105e+01
-4.541870000000000118e+01 2.122169999999999845e+01
-4.555700000000000216e+01 2.059580000000000055e+01
-4.577369999999999806e+01 2.061799999999999855e+01
-4.593979999999999819e+01 1.980219999999999914e+01
-4.600150000000000006e+01 1.982270000000000110e+01
-4.609320000000000306e+01 1.937730000000000175e+01
-4.618439999999999657e+01 1.893189999999999884e+01
-4.622429999999999950e+01 1.893509999999999849e+01
-4.631819999999999737e+01 1.842150000000000176e+01
-4.639070000000000249e+01 1.842200000000000060e+01
-4.652020000000000266e+01 1.758830000000000027e+01
-4.640720000000000312e+01 1.756629999999999825e+01
-4.649819999999999709e+01 1.708650000000000091e+01
-4.658870000000000289e+01 1.660670000000000002e+01
-4.652870000000000061e+01 1.658680000000000021e+01
-4.664759999999999707e+01 1.601869999999999905e+01
-4.676579999999999870e+01 1.545059999999999967e+01
-4.676579999999999870e+01 1.545059999999999967e+01
-4.594749999999999801e+01 1.536040000000000028e+01
-4.513000000000000256e+01 1.526730000000000054e+01
-4.513620000000000232e+01 1.464669999999999916e+01
-4.514229999999999876e+01 1.402609999999999957e+01
-4.506139999999999901e+01 1.399169999999999980e+01
-4.504930000000000234e+01 1.333580000000000076e+01
-4.503730000000000189e+01 1.267989999999999995e+01
-4.426200000000000045e+01 1.262560000000000038e+01
-4.427750000000000341e+01 1.210079999999999956e+01
-4.388450000000000273e+01 1.208539999999999992e+01
-4.390259999999999962e+01 1.150619999999999976e+01
-4.392060000000000031e+01 1.092699999999999960e+01
-4.344819999999999993e+01 1.090549999999999997e+01
-4.297579999999999956e+01 1.088320000000000043e+01
-4.250350000000000250e+01 1.086020000000000074e+01
-4.203130000000000166e+01 1.083649999999999913e+01
-4.155919999999999703e+01 1.081209999999999916e+01
-4.108709999999999951e+01 1.078689999999999927e+01
-4.108290000000000219e+01 9.979390000000000427e+00
-4.086149999999999949e+01 9.972690000000000055e+00
-4.086480000000000246e+01 9.389369999999999550e+00
-4.064020000000000010e+01 9.372849999999999682e+00
-4.065220000000000056e+01 8.840600000000000236e+00
-4.011959999999999837e+01 8.815260000000000318e+00
-4.014079999999999870e+01 8.215370000000000061e+00
-3.966080000000000183e+01 8.197259999999999991e+00
-3.918079999999999785e+01 8.178580000000000183e+00
-3.870089999999999719e+01 8.159340000000000259e+00
-3.822099999999999653e+01 8.139530000000000598e+00
-3.820649999999999835e+01 7.703339999999999854e+00
-3.753560000000000230e+01 7.679350000000000342e+00
-3.686480000000000246e+01 7.654320000000000235e+00
-3.685139999999999816e+01 7.400890000000000413e+00
-3.605769999999999698e+01 7.363419999999999632e+00
-3.604690000000000083e+01 7.023220000000000240e+00
-3.536650000000000205e+01 6.934949999999999726e+00
-3.536290000000000333e+01 6.613929999999999865e+00
-3.449369999999999692e+01 6.615770000000000373e+00
-3.362440000000000140e+01 6.617600000000000371e+00
-3.362030000000000030e+01 6.104210000000000136e+00
-3.351359999999999673e+01 6.076190000000000424e+00
-3.350679999999999836e+01 5.649460000000000370e+00
-3.297800000000000153e+01 5.647160000000000402e+00
-3.291980000000000217e+01 4.803770000000000095e+00
-3.286169999999999902e+01 3.960379999999999789e+00
-3.238700000000000045e+01 3.985899999999999999e+00
-3.191219999999999857e+01 4.011140000000000150e+00
-3.143740000000000023e+01 4.036109999999999864e+00
-3.096249999999999858e+01 4.060810000000000031e+00
-3.088680000000000092e+01 3.254770000000000163e+00
-3.081129999999999924e+01 2.448739999999999917e+00
-3.073580000000000112e+01 1.642689999999999984e+00
-3.002690000000000126e+01 1.607089999999999907e+00
-2.992030000000000101e+01 7.974010000000000264e-01
-2.920959999999999823e+01 8.489069999999999672e-01
-2.834649999999999892e+01 9.530330000000000190e-01
-2.783089999999999975e+01 1.007479999999999931e+00
-2.731530000000000058e+01 1.061839999999999895e+00
-2.647400000000000020e+01 1.159180000000000099e+00
-2.628869999999999862e+01 4.981360000000000232e-01
-2.565909999999999869e+01 5.561650000000000205e-01
-2.502939999999999898e+01 6.141259999999999497e-01
-2.482059999999999889e+01 -2.445930000000000049e-01
-2.461169999999999902e+01 -1.103310000000000013e+00
-2.405069999999999908e+01 -1.033870000000000067e+00
-2.348969999999999914e+01 -9.643239999999999590e-01
-2.293550000000000111e+01 -8.804009999999999891e-01
-2.238129999999999953e+01 -7.963900000000000423e-01
-2.154370000000000118e+01 -6.802219999999999933e-01
-2.101679999999999993e+01 -5.884930000000000438e-01
-2.048989999999999867e+01 -4.967090000000000116e-01
-1.967470000000000141e+01 -3.333780000000000077e-01
-1.884969999999999857e+01 -1.761129999999999918e-01
-1.836929999999999907e+01 -7.275189999999999435e-02
-1.788889999999999958e+01 3.060939999999999842e-02
-1.732290000000000063e+01 1.496049999999999880e-01
-1.675690000000000168e+01 2.685870000000000202e-01
-1.649820000000000064e+01 2.989470000000000183e-01
-1.625219999999999843e+01 -5.562000000000000277e-01
-1.603719999999999857e+01 -5.196309999999999540e-01
-1.584060000000000024e+01 -1.143199999999999994e+00
-1.556520000000000081e+01 -1.073239999999999972e+00
-1.541029999999999944e+01 -1.493419999999999970e+00
-1.465939999999999976e+01 -1.300939999999999985e+00
-1.390869999999999962e+01 -1.108239999999999892e+00
-1.315799999999999947e+01 -9.153449999999999642e-01
-1.292980000000000018e+01 -1.507220000000000004e+00
-1.270139999999999958e+01 -2.099079999999999835e+00
-1.216409999999999947e+01 -1.945449999999999902e+00
-1.199890000000000079e+01 -2.400250000000000217e+00
-1.183360000000000056e+01 -2.855039999999999800e+00
-1.202929999999999922e+01 -3.013450000000000184e+00
-1.189750000000000085e+01 -3.492729999999999890e+00
-1.176549999999999940e+01 -3.971989999999999910e+00
-1.209680000000000000e+01 -4.103030000000000399e+00
-1.203860000000000063e+01 -4.587430000000000341e+00
-1.214450000000000074e+01 -4.608819999999999695e+00
-1.201849999999999952e+01 -5.025570000000000093e+00
-1.160440000000000005e+01 -4.942309999999999981e+00
-1.151609999999999978e+01 -5.415040000000000298e+00
-1.116690000000000005e+01 -5.377060000000000173e+00
-1.102219999999999978e+01 -5.930209999999999759e+00
-1.126709999999999923e+01 -6.020229999999999748e+00
-1.118050000000000033e+01 -6.755419999999999980e+00
-1.199329999999999963e+01 -6.960820000000000007e+00
-1.280680000000000085e+01 -7.164819999999999744e+00
-1.362100000000000044e+01 -7.367399999999999949e+00
-1.348939999999999984e+01 -7.889079999999999870e+00
-1.335740000000000016e+01 -8.410709999999999908e+00
-1.319110000000000049e+01 -8.374010000000000176e+00
-1.302299999999999969e+01 -9.225229999999999819e+00
-1.324820000000000064e+01 -9.276479999999999393e+00
-1.316629999999999967e+01 -9.794439999999999813e+00
-1.331509999999999927e+01 -9.824680000000000746e+00
-1.317360000000000042e+01 -1.062310000000000088e+01
-1.303129999999999988e+01 -1.142149999999999999e+01
-1.352430000000000021e+01 -1.153870000000000040e+01
-1.401769999999999960e+01 -1.165509999999999913e+01
-1.451149999999999984e+01 -1.177059999999999995e+01
-1.500580000000000069e+01 -1.188530000000000086e+01
-1.490770000000000017e+01 -1.233900000000000041e+01
-1.486110000000000042e+01 -1.231959999999999944e+01
-1.479100000000000037e+01 -1.265620000000000012e+01
-1.455010000000000048e+01 -1.257699999999999996e+01
-1.441019999999999968e+01 -1.321809999999999974e+01
-1.459960000000000058e+01 -1.326549999999999940e+01
-1.453909999999999947e+01 -1.373659999999999926e+01
-1.447840000000000060e+01 -1.420770000000000088e+01
-1.364279999999999937e+01 -1.403550000000000075e+01
-1.343520000000000003e+01 -1.484939999999999927e+01
-1.322610000000000063e+01 -1.566319999999999979e+01
-1.338349999999999973e+01 -1.568820000000000014e+01
-1.323859999999999992e+01 -1.621170000000000044e+01
-1.377020000000000088e+01 -1.632290000000000063e+01
-1.430240000000000045e+01 -1.643270000000000053e+01
-1.423809999999999931e+01 -1.676450000000000173e+01
-1.436880000000000024e+01 -1.677700000000000102e+01
-1.422419999999999973e+01 -1.738589999999999947e+01
-1.407859999999999978e+01 -1.799459999999999837e+01
-1.351890000000000036e+01 -1.789300000000000068e+01
-1.295979999999999954e+01 -1.778979999999999961e+01
-1.285979999999999990e+01 -1.828719999999999857e+01
-1.275929999999999964e+01 -1.878450000000000131e+01
-1.247719999999999985e+01 -1.874650000000000105e+01
-1.237030000000000030e+01 -1.934090000000000131e+01
-1.226260000000000083e+01 -1.993530000000000157e+01
-1.194459999999999944e+01 -1.982479999999999976e+01
-1.185219999999999985e+01 -2.027840000000000131e+01
-1.197080000000000055e+01 -2.029909999999999926e+01
-1.176319999999999943e+01 -2.117589999999999861e+01
-1.200660000000000061e+01 -2.120909999999999940e+01
-1.184950000000000081e+01 -2.173509999999999920e+01
-1.193590000000000018e+01 -2.175219999999999843e+01
-1.181920000000000037e+01 -2.215340000000000131e+01
-1.236430000000000007e+01 -2.226709999999999923e+01
-1.291019999999999968e+01 -2.237900000000000134e+01
-1.285110000000000063e+01 -2.262979999999999947e+01
-1.333980000000000032e+01 -2.273019999999999996e+01
-1.382929999999999993e+01 -2.282920000000000016e+01
-1.366370000000000040e+01 -2.354420000000000002e+01
-1.357029999999999959e+01 -2.351429999999999865e+01
-1.342590000000000039e+01 -2.414580000000000126e+01
-1.328009999999999913e+01 -2.477710000000000079e+01
-1.381060000000000088e+01 -2.488739999999999952e+01
-1.366319999999999979e+01 -2.564799999999999969e+01
-1.404850000000000065e+01 -2.573760000000000048e+01
-1.381559999999999988e+01 -2.658559999999999945e+01
-1.368960000000000043e+01 -2.656439999999999912e+01
-1.348230000000000040e+01 -2.744290000000000163e+01
-1.327159999999999940e+01 -2.832100000000000151e+01
-1.274559999999999960e+01 -2.821330000000000027e+01
-1.253260000000000041e+01 -2.894089999999999918e+01
-1.253260000000000041e+01 -2.894089999999999918e+01
-1.326239999999999952e+01 -2.909799999999999898e+01
-1.399019999999999975e+01 -2.925100000000000122e+01
-1.382010000000000005e+01 -2.985150000000000148e+01
-1.371589999999999954e+01 -2.982799999999999940e+01
-1.354279999999999973e+01 -3.049129999999999896e+01
-1.336660000000000004e+01 -3.115670000000000073e+01
-1.349879999999999924e+01 -3.117909999999999826e+01
-1.337139999999999951e+01 -3.166120000000000090e+01
-1.324530000000000030e+01 -3.214320000000000022e+01
-1.388299999999999912e+01 -3.227450000000000330e+01
-1.452289999999999992e+01 -3.240019999999999811e+01
-1.444609999999999950e+01 -3.289759999999999707e+01
-1.436679999999999957e+01 -3.349889999999999901e+01
-1.470180000000000042e+01 -3.356909999999999883e+01
-1.451510000000000034e+01 -3.404339999999999833e+01
-1.527410000000000068e+01 -3.423760000000000048e+01
-1.508339999999999925e+01 -3.468979999999999819e+01
-1.526590000000000025e+01 -3.477020000000000266e+01
-1.509999999999999964e+01 -3.518240000000000123e+01
-1.602740000000000009e+01 -3.534309999999999974e+01
-1.696189999999999998e+01 -3.549940000000000140e+01
-1.770319999999999894e+01 -3.566329999999999956e+01
-1.741910000000000025e+01 -3.606839999999999691e+01
-1.708470000000000155e+01 -3.647240000000000038e+01
-1.744040000000000035e+01 -3.656230000000000047e+01
-1.733310000000000173e+01 -3.694360000000000355e+01
-1.723349999999999937e+01 -3.737440000000000140e+01
-1.753310000000000102e+01 -3.747240000000000038e+01
-1.738779999999999859e+01 -3.802510000000000190e+01
-1.705049999999999955e+01 -3.844669999999999987e+01
-1.679850000000000065e+01 -3.840120000000000289e+01
-1.636100000000000065e+01 -3.855839999999999890e+01
-1.604380000000000095e+01 -3.888340000000000174e+01
-1.596509999999999962e+01 -3.935159999999999769e+01
-1.592239999999999966e+01 -3.968070000000000164e+01
-1.641460000000000008e+01 -3.978999999999999915e+01
-1.646979999999999933e+01 -4.027289999999999992e+01
-1.686739999999999995e+01 -4.036630000000000251e+01
-1.681660000000000110e+01 -4.078970000000000340e+01
-1.674360000000000070e+01 -4.117629999999999768e+01
-1.667800000000000082e+01 -4.151910000000000167e+01
-1.633160000000000167e+01 -4.180649999999999977e+01
-1.621460000000000079e+01 -4.233769999999999811e+01
-1.642989999999999995e+01 -4.286769999999999925e+01
-1.642989999999999995e+01 -4.286769999999999925e+01
-1.632959999999999923e+01 -4.338700000000000045e+01
-1.624449999999999861e+01 -4.368350000000000222e+01
-1.608559999999999945e+01 -4.413190000000000168e+01
-1.592420000000000080e+01 -4.457999999999999829e+01
-1.576030000000000086e+01 -4.502790000000000248e+01
-1.559389999999999965e+01 -4.547560000000000002e+01
-1.489400000000000013e+01 -4.537140000000000128e+01
-1.471550000000000047e+01 -4.589849999999999852e+01
-1.381000000000000050e+01 -4.579719999999999658e+01
-1.357150000000000034e+01 -4.668780000000000285e+01
-1.332510000000000083e+01 -4.757780000000000342e+01
-1.261020000000000074e+01 -4.747140000000000271e+01
-1.189819999999999922e+01 -4.736050000000000182e+01
-1.118919999999999959e+01 -4.724519999999999698e+01
-1.048339999999999961e+01 -4.712559999999999860e+01
-1.029579999999999984e+01 -4.764869999999999806e+01
-1.010449999999999982e+01 -4.817150000000000176e+01
-9.909259999999999735e+00 -4.869389999999999930e+01
-9.709920000000000329e+00 -4.921600000000000108e+01
-8.922480000000000189e+00 -4.909120000000000061e+01
-8.139079999999999870e+00 -4.896099999999999852e+01
-8.022109999999999630e+00 -4.928260000000000218e+01
-7.960860000000000269e+00 -4.927020000000000266e+01
-7.637669999999999959e+00 -5.005870000000000175e+01
-7.432839999999999669e+00 -5.000130000000000052e+01
-7.158509999999999707e+00 -5.060960000000000036e+01
-6.159830000000000361e+00 -5.041709999999999781e+01
-5.169419999999999682e+00 -5.021609999999999729e+01
-4.943340000000000067e+00 -5.067490000000000094e+01
-4.712790000000000035e+00 -5.113329999999999842e+01
-4.477619999999999933e+00 -5.159120000000000061e+01
-4.237669999999999604e+00 -5.204860000000000042e+01
-3.955589999999999939e+00 -5.197879999999999967e+01
-3.446880000000000166e+00 -5.276400000000000290e+01
-2.919519999999999893e+00 -5.354690000000000083e+01
-2.372310000000000141e+00 -5.432739999999999725e+01
-1.382200000000000095e+00 -5.405330000000000013e+01
-9.146549999999999958e-01 -5.445349999999999824e+01
-4.379000000000000115e-01 -5.485179999999999723e+01
-4.379000000000000115e-01 -5.485179999999999723e+01
-4.379000000000000115e-01 -5.485179999999999723e+01
-3.882569999999999771e-02 -5.467719999999999914e+01
4.431820000000000204e-01 -5.445120000000000005e+01
9.645340000000000025e-01 -5.483220000000000027e+01
1.694809999999999928e+00 -5.439900000000000091e+01
2.359750000000000014e+00 -5.403739999999999810e+01
3.025419999999999998e+00 -5.365070000000000050e+01
3.368939999999999824e+00 -5.383409999999999940e+01
3.956379999999999786e+00 -5.412669999999999959e+01
4.414579999999999949e+00 -5.443030000000000257e+01
4.826609999999999623e+00 -5.416159999999999997e+01
5.083719999999999573e+00 -5.430930000000000035e+01
5.494690000000000296e+00 -5.454290000000000305e+01
6.183729999999999727e+00 -5.411449999999999960e+01
6.625399999999999956e+00 -5.381419999999999959e+01
7.237289999999999779e+00 -5.410119999999999862e+01
7.772350000000000314e+00 -5.439600000000000080e+01
7.772350000000000314e+00 -5.439600000000000080e+01
8.288339999999999819e+00 -5.403260000000000218e+01
8.798759999999999692e+00 -5.366799999999999926e+01
9.428689999999999571e+00 -5.323259999999999792e+01
9.993059999999999832e+00 -5.279229999999999734e+01
1.054240000000000066e+01 -5.306550000000000011e+01
1.097480000000000011e+01 -5.333200000000000074e+01
1.170839999999999925e+01 -5.278289999999999793e+01
1.229889999999999972e+01 -5.237500000000000000e+01
1.289509999999999934e+01 -5.196289999999999765e+01
1.320420000000000016e+01 -5.214099999999999824e+01
1.378759999999999941e+01 -5.247690000000000055e+01
1.446330000000000027e+01 -5.199710000000000321e+01
1.511239999999999917e+01 -5.230749999999999744e+01
1.542800000000000082e+01 -5.208359999999999701e+01
1.582230000000000025e+01 -5.178699999999999903e+01
1.690719999999999956e+01 -5.216929999999999978e+01
1.780630000000000024e+01 -5.246690000000000254e+01
1.853740000000000165e+01 -5.273429999999999751e+01
1.871249999999999858e+01 -5.255290000000000106e+01
1.999380000000000024e+01 -5.281669999999999732e+01
2.125039999999999907e+01 -5.290879999999999939e+01
2.250420000000000087e+01 -5.305120000000000147e+01
2.307529999999999859e+01 -5.309770000000000323e+01
2.302139999999999986e+01 -5.320040000000000191e+01
2.388619999999999877e+01 -5.330859999999999843e+01
2.468509999999999849e+01 -5.342150000000000176e+01
2.487259999999999849e+01 -5.334530000000000172e+01
2.487259999999999849e+01 -5.334530000000000172e+01
2.517970000000000041e+01 -5.344409999999999883e+01
2.564750000000000085e+01 -5.340999999999999659e+01
2.586139999999999972e+01 -5.347990000000000066e+01
2.598689999999999856e+01 -5.358180000000000121e+01
2.618090000000000117e+01 -5.342880000000000251e+01
2.633820000000000050e+01 -5.306499999999999773e+01
2.651289999999999836e+01 -5.262010000000000076e+01
2.671310000000000073e+01 -5.237800000000000011e+01
2.732209999999999894e+01 -5.254719999999999658e+01
2.737040000000000006e+01 -5.267300000000000182e+01
2.747950000000000159e+01 -5.277080000000000126e+01
2.811080000000000112e+01 -5.290370000000000061e+01
2.831220000000000070e+01 -5.253999999999999915e+01
2.840269999999999939e+01 -5.227709999999999724e+01
2.860539999999999949e+01 -5.177159999999999940e+01
2.896880000000000166e+01 -5.113730000000000331e+01
2.934309999999999974e+01 -5.050699999999999790e+01
2.971150000000000091e+01 -4.993350000000000222e+01
3.000600000000000023e+01 -4.961079999999999757e+01
3.036169999999999902e+01 -4.921549999999999869e+01
3.070459999999999923e+01 -4.901059999999999661e+01
3.100809999999999889e+01 -4.858709999999999951e+01
3.130649999999999977e+01 -4.816270000000000095e+01
3.158849999999999980e+01 -4.768220000000000169e+01
3.186540000000000106e+01 -4.720109999999999673e+01
3.212579999999999814e+01 -4.699980000000000047e+01
3.212519999999999953e+01 -4.699750000000000227e+01
3.266259999999999764e+01 -4.619109999999999872e+01
3.317060000000000031e+01 -4.538179999999999836e+01
3.367750000000000199e+01 -4.456069999999999709e+01
3.415679999999999694e+01 -4.374669999999999703e+01
3.463600000000000279e+01 -4.293070000000000164e+01
3.508979999999999677e+01 -4.210320000000000107e+01
3.508979999999999677e+01 -4.210320000000000107e+01
3.552799999999999869e+01 -4.125370000000000203e+01
3.595499999999999829e+01 -4.040259999999999962e+01
3.637129999999999797e+01 -3.954999999999999716e+01
3.677740000000000009e+01 -3.869590000000000174e+01
3.717399999999999949e+01 -3.784040000000000248e+01
3.756150000000000233e+01 -3.698369999999999891e+01
3.672079999999999700e+01 -3.643280000000000030e+01
3.589200000000000301e+01 -3.587610000000000099e+01
3.507480000000000331e+01 -3.531380000000000052e+01
3.426890000000000214e+01 -3.474609999999999843e+01
3.347409999999999997e+01 -3.417309999999999803e+01
3.269010000000000105e+01 -3.359510000000000218e+01
3.191649999999999920e+01 -3.301219999999999999e+01
3.115319999999999823e+01 -3.242459999999999809e+01
3.039969999999999928e+01 -3.183249999999999957e+01
2.965589999999999904e+01 -3.123600000000000065e+01
2.892150000000000176e+01 -3.063520000000000110e+01
2.834090000000000131e+01 -2.984860000000000113e+01
2.834090000000000131e+01 -2.984860000000000113e+01
2.805399999999999849e+01 -2.945439999999999969e+01
2.776930000000000121e+01 -2.905959999999999965e+01
2.717920000000000158e+01 -2.862450000000000117e+01
2.659400000000000119e+01 -2.818680000000000163e+01
2.659519999999999840e+01 -2.747739999999999938e+01
2.659639999999999915e+01 -2.676800000000000068e+01
2.725260000000000105e+01 -2.647370000000000090e+01
2.790540000000000020e+01 -2.617650000000000077e+01
2.780020000000000024e+01 -2.573349999999999937e+01
2.769569999999999865e+01 -2.529050000000000153e+01
2.759199999999999875e+01 -2.484740000000000038e+01
2.748900000000000077e+01 -2.440419999999999945e+01
2.794409999999999883e+01 -2.392780000000000129e+01
2.839580000000000126e+01 -2.345009999999999906e+01
2.884420000000000073e+01 -2.297109999999999985e+01
2.928950000000000031e+01 -2.249080000000000013e+01
2.977039999999999864e+01 -2.235229999999999961e+01
3.025029999999999930e+01 -2.221239999999999881e+01
3.072929999999999851e+01 -2.207100000000000151e+01
3.120730000000000004e+01 -2.192830000000000013e+01
3.168440000000000012e+01 -2.178419999999999845e+01
3.216049999999999898e+01 -2.163879999999999981e+01
3.263559999999999661e+01 -2.149200000000000088e+01
3.310979999999999990e+01 -2.134380000000000166e+01
3.319630000000000081e+01 -2.051219999999999999e+01
3.328179999999999694e+01 -1.968059999999999832e+01
3.361310000000000286e+01 -1.935030000000000072e+01
3.394299999999999784e+01 -1.901940000000000097e+01
3.427159999999999940e+01 -1.868789999999999907e+01
3.459890000000000043e+01 -1.835589999999999833e+01
3.520009999999999906e+01 -1.797550000000000026e+01
3.519950000000000045e+01 -1.740439999999999898e+01
3.519890000000000185e+01 -1.683330000000000126e+01
3.490079999999999671e+01 -1.633370000000000033e+01
3.460430000000000206e+01 -1.583370000000000033e+01
3.472879999999999967e+01 -1.519139999999999979e+01
3.485249999999999915e+01 -1.454909999999999926e+01
3.446079999999999899e+01 -1.385859999999999914e+01
3.407139999999999702e+01 -1.316740000000000066e+01
3.417170000000000130e+01 -1.240639999999999965e+01
3.444109999999999872e+01 -1.171700000000000053e+01
3.470909999999999940e+01 -1.102740000000000009e+01
3.408059999999999690e+01 -1.045519999999999960e+01
3.381750000000000256e+01 -9.597979999999999734e+00
3.355570000000000164e+01 -8.740560000000000329e+00
3.309899999999999665e+01 -8.643459999999999255e+00
3.264260000000000161e+01 -8.545809999999999462e+00
3.211659999999999826e+01 -8.162200000000000344e+00
3.159169999999999945e+01 -7.777899999999999814e+00
3.104200000000000159e+01 -7.630810000000000315e+00
3.049269999999999925e+01 -7.483030000000000292e+00
3.004550000000000054e+01 -6.791170000000000151e+00
2.959959999999999880e+01 -6.098910000000000053e+00
2.960399999999999920e+01 -5.625130000000000408e+00
2.960849999999999937e+01 -5.151349999999999874e+00
2.928040000000000020e+01 -4.556890000000000107e+00
2.895289999999999964e+01 -3.962289999999999868e+00
2.891029999999999944e+01 -3.133910000000000196e+00
2.886769999999999925e+01 -2.305509999999999948e+00
2.912989999999999924e+01 -1.809309999999999974e+00
2.939199999999999946e+01 -1.313080000000000025e+00
2.962969999999999970e+01 -6.263250000000000206e-01
2.986730000000000018e+01 6.044360000000000011e-02
3.024589999999999890e+01 7.485239999999999672e-01
3.062470000000000070e+01 1.436579999999999968e+00
3.112209999999999965e+01 1.960069999999999979e+00
3.161990000000000123e+01 2.483410000000000117e+00
3.104919999999999902e+01 2.647879999999999789e+00
3.047830000000000084e+01 2.812089999999999979e+00
3.047479999999999833e+01 3.523699999999999832e+00
3.047129999999999939e+01 4.235310000000000130e+00
3.127929999999999922e+01 4.477059999999999818e+00
3.175270000000000081e+01 5.097269999999999968e+00
3.222710000000000008e+01 5.717139999999999667e+00
3.273550000000000182e+01 5.630069999999999908e+00
3.324369999999999692e+01 5.542570000000000441e+00
3.375169999999999959e+01 5.454629999999999868e+00
3.425959999999999894e+01 5.366259999999999586e+00
3.476729999999999876e+01 5.277470000000000105e+00
3.527490000000000236e+01 5.188279999999999781e+00
3.578240000000000265e+01 5.098679999999999879e+00
3.628970000000000340e+01 5.008689999999999642e+00
3.660139999999999816e+01 5.483649999999999913e+00
3.691360000000000241e+01 5.958440000000000403e+00
3.758290000000000219e+01 5.955720000000000347e+00
3.784870000000000090e+01 6.477149999999999963e+00
3.811500000000000199e+01 6.998450000000000060e+00
3.847749999999999915e+01 7.447049999999999947e+00
3.884080000000000155e+01 7.895349999999999646e+00
3.915650000000000119e+01 8.295669999999999433e+00
3.947290000000000276e+01 8.695750000000000313e+00
3.978979999999999961e+01 9.071189999999999642e+00
4.010739999999999839e+01 9.446360000000000312e+00
4.044939999999999714e+01 9.796459999999999724e+00
4.079209999999999781e+01 1.014620000000000033e+01
4.111659999999999826e+01 1.073170000000000002e+01
4.144230000000000302e+01 1.131690000000000040e+01
4.203320000000000078e+01 1.157719999999999949e+01
4.203320000000000078e+01 1.157719999999999949e+01
4.164869999999999806e+01 1.218900000000000006e+01
4.120550000000000068e+01 1.181070000000000064e+01
4.085679999999999978e+01 1.220550000000000068e+01
4.050710000000000122e+01 1.259980000000000011e+01
4.009120000000000061e+01 1.320940000000000047e+01
4.061399999999999721e+01 1.374169999999999980e+01
4.027499999999999858e+01 1.430049999999999955e+01
4.002629999999999910e+01 1.471920000000000073e+01
3.977669999999999817e+01 1.513770000000000060e+01
3.967069999999999652e+01 1.577159999999999940e+01
4.017159999999999798e+01 1.630399999999999849e+01
4.025119999999999720e+01 1.678509999999999991e+01
4.033129999999999882e+01 1.726620000000000132e+01
3.998669999999999902e+01 1.794940000000000069e+01
3.958990000000000009e+01 1.841929999999999978e+01
3.929780000000000229e+01 1.902980000000000160e+01
3.929780000000000229e+01 1.902980000000000160e+01
3.882609999999999673e+01 1.944750000000000156e+01
3.839569999999999794e+01 1.990749999999999886e+01
3.807450000000000045e+01 2.038909999999999911e+01
3.797469999999999857e+01 2.102130000000000010e+01
3.782529999999999859e+01 2.184339999999999904e+01
3.753979999999999961e+01 2.249449999999999861e+01
3.704249999999999687e+01 2.322589999999999932e+01
3.657110000000000127e+01 2.363919999999999888e+01
3.640729999999999933e+01 2.413269999999999982e+01
3.624219999999999686e+01 2.462600000000000122e+01
3.606609999999999872e+01 2.505529999999999902e+01
3.588880000000000337e+01 2.548440000000000083e+01
3.554560000000000031e+01 2.591910000000000025e+01
3.519989999999999952e+01 2.635300000000000153e+01
3.487480000000000047e+01 2.680780000000000030e+01
3.454699999999999704e+01 2.726190000000000069e+01
3.437125366803400084e+01 2.761536592714312022e+01
3.437616573656595875e+01 2.764800467796772665e+01
3.442267127917048697e+01 2.792192214102586334e+01
3.447692695854719602e+01 2.818526768628565549e+01
3.459222027722271520e+01 2.853737394684419115e+01
3.468038575620987984e+01 2.889424529793354779e+01
3.479510428183636606e+01 2.923284280289125192e+01
3.494407628678968791e+01 2.951141878200682811e+01
3.506511604081425304e+01 2.977306805767444686e+01
3.516132712734660970e+01 3.005015540695120535e+01
3.526995254762505994e+01 3.038003296568702183e+01
3.534462665399805559e+01 3.055512839951772008e+01
3.538463334323112974e+01 3.074577612702416829e+01
3.541699566847970715e+01 3.096283773468602973e+01
3.545434536531054448e+01 3.132266663317517441e+01
3.550357921850986287e+01 3.163376286543223159e+01
3.554386146203656693e+01 3.190583396561886076e+01
3.556400258379991897e+01 3.213731675147491984e+01
3.557295419347251908e+01 3.232283760915377968e+01
3.558861951039958171e+01 3.249665488298081328e+01
3.560876063216292664e+01 3.268708994814844715e+01
3.561961035231772854e+01 3.282162624258843664e+01
3.562948908474913878e+01 3.294014291415968643e+01
3.562172722355303023e+01 3.301472698860409594e+01
3.559491352123920649e+01 3.306855406806221254e+01
3.556400258379991897e+01 3.312673667614731698e+01
3.555728887654547066e+01 3.320354369100063252e+01
3.555952677896361536e+01 3.325782995617237958e+01
3.558638160798142280e+01 3.338312098943836759e+01
3.562442594908998217e+01 3.345970272803809564e+01
3.565799448536225214e+01 3.354740839880616932e+01
3.571617994823415643e+01 3.365179265684347598e+01
3.577660331352423384e+01 3.374116424559301208e+01
3.587283311750470460e+01 3.388619463202424953e+01
3.591759116586771228e+01 3.395304874648766713e+01
3.597130082390332717e+01 3.401799548696502740e+01
3.601829677468448665e+01 3.409771921864818012e+01
3.606081692062934962e+01 3.417181347175220907e+01
3.611900238350126813e+01 3.424399279415398922e+01
3.618390155362764204e+01 3.430686789988045859e+01
3.621970799231804250e+01 3.435676462016008514e+01
3.625775233342660897e+01 3.442878524459408141e+01
3.629579667453516834e+01 3.451180891936317607e+01
3.631817569871667217e+01 3.459843430599013203e+01
3.633384101564372770e+01 3.468680963457237709e+01
3.633607891806187951e+01 3.483205545410869064e+01
3.634444676304471500e+01 3.496901424417353610e+01
3.635232093781723250e+01 3.511005067891993292e+01
3.634038262807495556e+01 3.522724542016862870e+01
3.631527938895579410e+01 3.532427615164527879e+01
3.629097324388169454e+01 3.541346730859128655e+01
3.628125078585205898e+01 3.554805793160917915e+01
3.629097324388169454e+01 3.571795244941101544e+01
3.631364709232730803e+01 3.596427040579814616e+01
3.635669952414512807e+01 3.612787629826596003e+01
3.638575991562215250e+01 3.627552482239800469e+01
3.643742283380354507e+01 3.648089900566552757e+01
3.645672503609426940e+01 3.661537077227332304e+01
3.647827181214999115e+01 3.669983254991320365e+01
3.648855550072202192e+01 3.675242695502927859e+01
3.648781446404780127e+01 3.675263174497867880e+01
3.645622054667050804e+01 3.669729629550288763e+01
3.642462662929319350e+01 3.665694195725944127e+01
3.640356401770832662e+01 3.662501889296154900e+01
3.639186256682783238e+01 3.660247700140037352e+01
3.638016111594736657e+01 3.655643351550703102e+01
3.634001652682054839e+01 3.646283642939887670e+01
3.630671661882303169e+01 3.639674799729578325e+01
