4.451480000000000103e+01 3.601500000000000057e+01
4.467049999999999699e+01 3.545810000000000173e+01
4.483610000000000184e+01 3.502450000000000330e+01
4.500000000000000000e+01 3.459060000000000201e+01
4.500000000000000000e+01 3.459060000000000201e+01
4.550520000000000209e+01 3.389330000000000354e+01
4.591770000000000351e+01 3.339050000000000296e+01
4.660759999999999792e+01 3.288739999999999952e+01
4.741069999999999851e+01 3.244789999999999708e+01
4.777020000000000266e+01 3.231110000000000326e+01
4.817020000000000124e+01 3.230819999999999936e+01
4.848919999999999675e+01 3.223740000000000094e+01
4.903600000000000136e+01 3.162140000000000128e+01
4.926489999999999725e+01 3.121170000000000044e+01
4.949190000000000111e+01 3.080160000000000053e+01
4.997399999999999665e+01 3.045319999999999894e+01
5.045259999999999678e+01 3.010310000000000130e+01
5.105729999999999791e+01 2.957799999999999940e+01
5.099810000000000088e+01 2.907189999999999941e+01
5.128300000000000125e+01 2.848730000000000118e+01
5.191199999999999903e+01 2.795730000000000004e+01
5.250379999999999825e+01 2.756109999999999971e+01
5.324060000000000059e+01 2.712130000000000152e+01
5.386010000000000275e+01 2.671730000000000160e+01
5.472829999999999728e+01 2.666789999999999949e+01
5.566179999999999950e+01 2.694709999999999894e+01
5.642329999999999757e+01 2.736850000000000094e+01
5.687530000000000285e+01 2.730069999999999908e+01
5.699210000000000065e+01 2.654520000000000124e+01
5.705700000000000216e+01 2.604850000000000065e+01
5.712140000000000128e+01 2.555180000000000007e+01
5.734539999999999793e+01 2.478839999999999932e+01
5.783160000000000167e+01 2.444269999999999854e+01
5.871569999999999823e+01 2.436329999999999885e+01
5.960260000000000247e+01 2.431129999999999924e+01
6.037409999999999854e+01 2.423150000000000048e+01
6.086959999999999837e+01 2.417749999999999844e+01
6.136460000000000292e+01 2.412199999999999989e+01
6.195539999999999736e+01 2.408689999999999998e+01
6.258059999999999690e+01 2.428300000000000125e+01
6.336560000000000059e+01 2.428539999999999921e+01
6.416150000000000375e+01 2.434979999999999833e+01
6.502819999999999823e+01 2.438240000000000052e+01
6.502819999999999823e+01 2.438240000000000052e+01
6.549209999999999354e+01 2.462010000000000076e+01
6.595780000000000598e+01 2.485640000000000072e+01
6.652960000000000207e+01 2.517869999999999919e+01
6.710439999999999827e+01 2.549869999999999948e+01
6.726810000000000400e+01 2.598389999999999844e+01
6.725260000000000105e+01 2.651839999999999975e+01
6.724779999999999802e+01 2.708539999999999992e+01
6.733220000000000027e+01 2.791150000000000020e+01
6.734210000000000207e+01 2.840409999999999968e+01
6.723969999999999914e+01 2.857310000000000016e+01
6.727670000000000528e+01 2.937679999999999936e+01
6.730110000000000525e+01 2.979479999999999862e+01
6.784919999999999618e+01 3.007349999999999923e+01
6.831050000000000466e+01 2.987800000000000011e+01
6.867950000000000443e+01 2.920899999999999963e+01
6.908549999999999613e+01 2.909590000000000032e+01
6.988060000000000116e+01 2.926180000000000092e+01
7.009950000000000614e+01 2.984019999999999939e+01
7.017829999999999302e+01 3.042299999999999827e+01
7.025799999999999557e+01 3.100570000000000093e+01
7.010099999999999909e+01 3.145939999999999870e+01
6.994249999999999545e+01 3.191300000000000026e+01
7.043940000000000623e+01 3.243099999999999739e+01
7.094209999999999638e+01 3.294709999999999894e+01
7.139199999999999591e+01 3.347679999999999723e+01
7.184739999999999327e+01 3.400480000000000302e+01
7.245910000000000650e+01 3.468220000000000169e+01
7.245910000000000650e+01 3.468220000000000169e+01
7.302960000000000207e+01 3.417589999999999861e+01
7.359329999999999927e+01 3.366689999999999827e+01
7.431419999999999959e+01 3.315939999999999799e+01
7.508939999999999770e+01 3.288060000000000116e+01
7.567489999999999384e+01 3.218939999999999912e+01
7.572199999999999420e+01 3.163329999999999842e+01
7.652100000000000080e+01 3.115370000000000061e+01
7.700669999999999504e+01 3.073760000000000048e+01
7.764069999999999538e+01 3.055799999999999983e+01
7.807620000000000005e+01 3.022609999999999886e+01
7.842239999999999611e+01 2.988690000000000069e+01
7.891179999999999950e+01 2.967760000000000176e+01
7.919689999999999941e+01 2.939339999999999975e+01
7.978979999999999961e+01 2.914280000000000115e+01
8.022650000000000148e+01 2.909299999999999997e+01
8.054649999999999466e+01 2.897500000000000142e+01
8.104300000000000637e+01 2.879019999999999868e+01
8.136100000000000421e+01 2.841349999999999909e+01
8.220040000000000191e+01 2.816689999999999827e+01
8.293540000000000134e+01 2.788149999999999906e+01
8.366670000000000584e+01 2.759290000000000020e+01
8.415850000000000364e+01 2.745189999999999841e+01
8.464910000000000423e+01 2.730910000000000082e+01
8.562189999999999657e+01 2.717040000000000077e+01
8.625149999999999295e+01 2.709459999999999980e+01
8.648090000000000543e+01 2.673720000000000141e+01
8.682040000000000646e+01 2.666829999999999856e+01
8.721859999999999502e+01 2.702199999999999847e+01
8.774500000000000455e+01 2.690889999999999915e+01
8.831999999999999318e+01 2.688500000000000156e+01
8.928209999999999980e+01 2.702680000000000149e+01
8.977240000000000464e+01 2.684720000000000084e+01
9.032940000000000680e+01 2.693700000000000117e+01
9.125799999999999557e+01 2.700750000000000028e+01
9.178119999999999834e+01 2.703290000000000148e+01
9.230469999999999686e+01 2.705640000000000001e+01
9.323340000000000316e+01 2.711649999999999849e+01
9.357040000000000646e+01 2.710979999999999990e+01
9.418899999999999295e+01 2.750080000000000169e+01
9.482869999999999777e+01 2.791819999999999879e+01
9.546569999999999823e+01 2.818319999999999936e+01
9.623449999999999704e+01 2.813489999999999824e+01
9.679160000000000252e+01 2.810989999999999966e+01
9.734839999999999804e+01 2.808259999999999934e+01
9.734839999999999804e+01 2.808259999999999934e+01
9.747110000000000696e+01 2.770240000000000080e+01
9.734650000000000603e+01 2.724109999999999943e+01
9.713039999999999452e+01 2.682019999999999982e+01
9.690560000000000684e+01 2.628740000000000165e+01
9.658129999999999882e+01 2.564689999999999870e+01
9.631040000000000134e+01 2.513360000000000127e+01
9.611730000000000018e+01 2.448010000000000019e+01
9.596909999999999741e+01 2.376050000000000040e+01
9.590930000000000177e+01 2.301500000000000057e+01
9.591809999999999548e+01 2.235219999999999985e+01
9.591830000000000211e+01 2.168100000000000094e+01
9.594270000000000209e+01 2.090009999999999835e+01
9.601579999999999870e+01 2.003989999999999938e+01
9.622539999999999338e+01 1.941189999999999927e+01
9.634139999999999304e+01 1.870479999999999876e+01
9.642069999999999652e+01 1.798160000000000025e+01
9.646609999999999729e+01 1.743509999999999849e+01
9.646970000000000312e+01 1.664379999999999882e+01
9.644719999999999516e+01 1.600339999999999918e+01
9.641930000000000689e+01 1.539620000000000033e+01
9.640609999999999502e+01 1.513550000000000040e+01
9.640609999999999502e+01 1.513550000000000040e+01
9.645369999999999777e+01 1.490930000000000000e+01
9.648029999999999973e+01 1.440000000000000036e+01
9.648029999999999973e+01 1.440000000000000036e+01
9.739000000000000057e+01 1.441879999999999917e+01
9.829989999999999384e+01 1.443399999999999928e+01
9.920980000000000132e+01 1.444580000000000020e+01
9.976600000000000534e+01 1.483810000000000073e+01
1.002969999999999970e+02 1.546160000000000068e+01
1.008319999999999936e+02 1.608380000000000010e+01
1.011410000000000053e+02 1.657529999999999859e+01
1.014509999999999934e+02 1.706629999999999825e+01
1.020319999999999965e+02 1.735030000000000072e+01
1.026149999999999949e+02 1.763269999999999982e+01
1.031800000000000068e+02 1.765960000000000107e+01
1.037459999999999951e+02 1.768479999999999919e+01
1.043119999999999976e+02 1.770850000000000080e+01
1.048780000000000001e+02 1.773049999999999926e+01
1.058169999999999931e+02 1.775039999999999907e+01
1.067560000000000002e+02 1.776589999999999847e+01
1.076949999999999932e+02 1.777690000000000126e+01
1.086340000000000003e+02 1.778350000000000009e+01
1.095729999999999933e+02 1.778549999999999898e+01
1.105120000000000005e+02 1.778310000000000102e+01
1.110400000000000063e+02 1.786970000000000169e+01
1.115690000000000026e+02 1.795479999999999876e+01
1.120979999999999990e+02 1.803849999999999909e+01
1.126280000000000001e+02 1.812069999999999936e+01
1.133130000000000024e+02 1.828040000000000020e+01
1.140000000000000000e+02 1.843769999999999953e+01
1.140000000000000000e+02 1.843769999999999953e+01
1.137590000000000003e+02 1.886299999999999955e+01
1.135169999999999959e+02 1.928800000000000026e+01
1.132740000000000009e+02 1.971259999999999835e+01
1.130300000000000011e+02 2.013690000000000069e+01
1.127840000000000060e+02 2.056090000000000018e+01
1.125370000000000061e+02 2.098450000000000060e+01
1.122879999999999967e+02 2.140780000000000172e+01
1.120379999999999967e+02 2.183070000000000022e+01
1.111749999999999972e+02 2.216519999999999868e+01
1.103080000000000069e+02 2.249510000000000076e+01
1.094360000000000070e+02 2.282029999999999959e+01
1.085610000000000070e+02 2.314079999999999870e+01
1.076809999999999974e+02 2.345639999999999858e+01
1.071320000000000050e+02 2.405239999999999867e+01
1.065780000000000030e+02 2.464639999999999986e+01
1.060180000000000007e+02 2.523829999999999885e+01
1.057199999999999989e+02 2.579690000000000083e+01
1.054189999999999969e+02 2.635490000000000066e+01
1.051820000000000022e+02 2.711690000000000111e+01
1.049419999999999931e+02 2.787839999999999918e+01
1.051700000000000017e+02 2.833429999999999893e+01
1.053990000000000009e+02 2.878979999999999961e+01
1.062620000000000005e+02 2.925430000000000064e+01
1.071329999999999956e+02 2.971320000000000050e+01
1.080430000000000064e+02 3.000489999999999924e+01
1.089590000000000032e+02 3.029029999999999845e+01
1.098799999999999955e+02 3.056929999999999836e+01
1.108059999999999974e+02 3.084179999999999922e+01
1.112090000000000032e+02 3.125169999999999959e+01
1.116149999999999949e+02 3.166029999999999944e+01
1.116329999999999956e+02 3.225189999999999912e+01
1.116509999999999962e+02 3.284340000000000259e+01
1.122740000000000009e+02 3.346490000000000009e+01
1.129050000000000011e+02 3.408330000000000126e+01
1.132500000000000000e+02 3.446900000000000119e+01
1.135990000000000038e+02 3.485379999999999967e+01
1.142800000000000011e+02 3.484259999999999735e+01
1.149599999999999937e+02 3.482770000000000010e+01
1.157459999999999951e+02 3.421280000000000143e+01
1.165210000000000008e+02 3.359300000000000352e+01
1.172840000000000060e+02 3.296840000000000259e+01
1.177189999999999941e+02 3.257249999999999801e+01
1.181500000000000057e+02 3.217510000000000048e+01
1.185769999999999982e+02 3.177629999999999910e+01
1.190010000000000048e+02 3.137600000000000122e+01
1.197109999999999985e+02 3.119940000000000069e+01
1.203679999999999950e+02 3.139189999999999969e+01
1.210270000000000010e+02 3.158099999999999952e+01
1.216110000000000042e+02 3.155709999999999837e+01
1.221949999999999932e+02 3.153049999999999997e+01
1.227800000000000011e+02 3.150219999999999843e+01
1.233640000000000043e+02 3.147129999999999939e+01
1.233640000000000043e+02 3.147129999999999939e+01
1.240720000000000027e+02 3.217269999999999897e+01
1.247909999999999968e+02 3.287010000000000076e+01
1.255210000000000008e+02 3.356329999999999814e+01
1.262630000000000052e+02 3.425209999999999866e+01
1.262630000000000052e+02 3.425209999999999866e+01
1.261959999999999980e+02 3.493639999999999901e+01
1.261280000000000001e+02 3.562069999999999936e+01
1.261149999999999949e+02 3.616910000000000025e+01
1.261009999999999991e+02 3.671750000000000114e+01
1.259140000000000015e+02 3.754129999999999967e+01
1.257229999999999990e+02 3.836480000000000246e+01
1.255510000000000019e+02 3.882399999999999807e+01
1.253760000000000048e+02 3.928289999999999793e+01
1.251989999999999981e+02 3.974150000000000205e+01
1.250190000000000055e+02 4.019989999999999952e+01
1.242720000000000056e+02 4.086749999999999972e+01
1.235100000000000051e+02 4.153020000000000067e+01
1.227319999999999993e+02 4.218780000000000285e+01
1.222549999999999955e+02 4.190350000000000108e+01
1.217819999999999965e+02 4.161730000000000018e+01
1.213130000000000024e+02 4.132920000000000016e+01
1.208479999999999990e+02 4.103920000000000101e+01
1.198460000000000036e+02 4.065429999999999922e+01
1.188559999999999945e+02 4.026080000000000325e+01
1.182450000000000045e+02 4.005360000000000298e+01
1.176380000000000052e+02 3.984329999999999927e+01
1.170100000000000051e+02 4.005709999999999837e+01
1.163790000000000049e+02 4.026749999999999829e+01
1.158100000000000023e+02 4.059550000000000125e+01
1.152349999999999994e+02 4.092060000000000031e+01
1.143919999999999959e+02 4.116299999999999670e+01
1.135420000000000016e+02 4.139929999999999666e+01
1.129110000000000014e+02 4.102369999999999806e+01
1.122870000000000061e+02 4.064459999999999695e+01
1.114350000000000023e+02 4.112619999999999720e+01
1.105699999999999932e+02 4.160139999999999816e+01
1.096929999999999978e+02 4.207000000000000028e+01
1.090409999999999968e+02 4.263649999999999807e+01
1.081310000000000002e+02 4.314920000000000044e+01
1.072049999999999983e+02 4.365460000000000207e+01
1.070610000000000070e+02 4.409899999999999665e+01
1.069140000000000015e+02 4.454319999999999879e+01
1.067650000000000006e+02 4.498729999999999762e+01
1.066140000000000043e+02 4.543110000000000070e+01
1.064599999999999937e+02 4.587480000000000047e+01
1.063040000000000020e+02 4.631819999999999737e+01
1.061770000000000067e+02 4.684899999999999665e+01
1.060480000000000018e+02 4.737969999999999970e+01
1.059159999999999968e+02 4.791020000000000323e+01
1.057810000000000059e+02 4.844060000000000343e+01
1.055819999999999936e+02 4.929209999999999781e+01
1.053750000000000000e+02 5.014330000000000354e+01
1.049039999999999964e+02 5.078600000000000136e+01
1.044200000000000017e+02 5.142669999999999675e+01
1.050580000000000069e+02 5.176480000000000103e+01
1.057049999999999983e+02 5.209940000000000282e+01
1.063619999999999948e+02 5.243050000000000210e+01
1.070289999999999964e+02 5.275780000000000314e+01
1.077060000000000031e+02 5.308129999999999882e+01
1.083930000000000007e+02 5.340090000000000003e+01
1.086910000000000025e+02 5.415030000000000143e+01
1.090000000000000000e+02 5.489889999999999759e+01
1.093750000000000000e+02 5.533080000000000354e+01
1.097579999999999956e+02 5.576160000000000139e+01
1.109240000000000066e+02 5.622070000000000078e+01
1.123050000000000068e+02 5.629540000000000077e+01
1.136560000000000059e+02 5.641790000000000305e+01
1.150150000000000006e+02 5.652559999999999718e+01
1.163820000000000050e+02 5.661840000000000117e+01
1.172530000000000001e+02 5.680210000000000292e+01
1.181329999999999956e+02 5.697959999999999781e+01
1.190210000000000008e+02 5.715090000000000003e+01
1.199180000000000064e+02 5.731589999999999918e+01
1.208509999999999991e+02 5.730210000000000292e+01
1.217840000000000060e+02 5.728139999999999787e+01
1.227150000000000034e+02 5.725379999999999825e+01
1.236449999999999960e+02 5.721940000000000026e+01
1.245729999999999933e+02 5.717810000000000059e+01
1.254989999999999952e+02 5.712989999999999924e+01
1.269599999999999937e+02 5.677409999999999712e+01
1.283930000000000007e+02 5.640149999999999864e+01
1.297980000000000018e+02 5.601270000000000238e+01
1.307470000000000141e+02 5.586110000000000042e+01
1.316879999999999882e+02 5.570219999999999771e+01
1.326740000000000066e+02 5.549130000000000251e+01
1.336500000000000057e+02 5.527259999999999707e+01
1.351380000000000052e+02 5.506020000000000181e+01
1.366100000000000136e+02 5.482990000000000208e+01
1.379180000000000064e+02 5.458829999999999671e+01
1.392110000000000127e+02 5.433279999999999887e+01
1.401450000000000102e+02 5.410280000000000200e+01
1.412779999999999916e+02 5.407419999999999760e+01
1.424089999999999918e+02 5.403490000000000038e+01
1.424089999999999918e+02 5.403490000000000038e+01
1.421790000000000020e+02 5.457379999999999853e+01
1.419430000000000121e+02 5.511229999999999762e+01
1.416999999999999886e+02 5.565030000000000143e+01
1.414509999999999934e+02 5.618780000000000285e+01
1.415349999999999966e+02 5.665809999999999746e+01
1.416210000000000093e+02 5.712830000000000297e+01
1.417090000000000032e+02 5.759850000000000136e+01
1.418000000000000114e+02 5.806860000000000355e+01
1.418930000000000007e+02 5.853869999999999862e+01
1.419879999999999995e+02 5.900869999999999749e+01
1.420860000000000127e+02 5.947860000000000014e+01
1.421870000000000118e+02 5.994839999999999947e+01
1.429430000000000121e+02 6.028170000000000073e+01
1.437150000000000034e+02 6.061070000000000135e+01
1.445020000000000095e+02 6.093509999999999849e+01
1.453060000000000116e+02 6.125489999999999924e+01
1.461260000000000048e+02 6.156980000000000075e+01
1.469629999999999939e+02 6.187969999999999970e+01
1.464989999999999952e+02 6.273400000000000176e+01
1.460080000000000098e+02 6.358670000000000044e+01
1.454869999999999948e+02 6.443760000000000332e+01
1.449319999999999879e+02 6.528650000000000375e+01
1.449319999999999879e+02 6.528650000000000375e+01
1.443439999999999941e+02 6.580349999999999966e+01
1.437309999999999945e+02 6.631810000000000116e+01
1.425029999999999859e+02 6.665370000000000061e+01
1.412419999999999902e+02 6.697939999999999827e+01
1.403300000000000125e+02 6.744719999999999516e+01
1.393810000000000002e+02 6.790970000000000084e+01
1.389629999999999939e+02 6.847650000000000148e+01
1.385229999999999961e+02 6.904229999999999734e+01
1.373679999999999950e+02 6.963490000000000180e+01
1.367580000000000098e+02 6.995359999999999445e+01
1.359619999999999891e+02 7.052949999999999875e+01
1.355949999999999989e+02 7.069159999999999400e+01
1.348540000000000134e+02 7.126829999999999643e+01
1.340169999999999959e+02 7.186539999999999395e+01
1.332669999999999959e+02 7.228149999999999409e+01
1.324830000000000041e+02 7.269459999999999411e+01
1.312630000000000052e+02 7.337149999999999750e+01
1.301999999999999886e+02 7.401789999999999736e+01
1.295949999999999989e+02 7.447880000000000678e+01
1.289550000000000125e+02 7.493800000000000239e+01
1.285190000000000055e+02 7.549450000000000216e+01
1.280500000000000114e+02 7.605010000000000048e+01
1.276340000000000003e+02 7.664249999999999829e+01
1.271809999999999974e+02 7.723409999999999798e+01
1.264569999999999936e+02 7.768439999999999657e+01
1.256790000000000020e+02 7.813259999999999650e+01
1.256790000000000020e+02 7.813259999999999650e+01
1.251880000000000024e+02 7.899009999999999820e+01
1.234080000000000013e+02 7.975929999999999609e+01
1.226389999999999958e+02 8.020610000000000639e+01
1.218979999999999961e+02 8.064339999999999975e+01
1.210040000000000049e+02 8.111459999999999582e+01
1.199839999999999947e+02 8.159529999999999461e+01
1.190999999999999943e+02 8.208740000000000236e+01
1.177549999999999955e+02 8.229810000000000514e+01
1.171710000000000065e+02 8.253940000000000055e+01
1.165819999999999936e+02 8.274020000000000152e+01
1.157930000000000064e+02 8.301409999999999911e+01
1.152579999999999956e+02 8.315080000000000382e+01
1.145580000000000069e+02 8.332089999999999463e+01
1.137229999999999990e+02 8.351239999999999952e+01
1.128430000000000035e+02 8.367440000000000566e+01
1.119740000000000038e+02 8.382380000000000564e+01
1.109590000000000032e+02 8.396550000000000580e+01
1.097270000000000039e+02 8.410970000000000368e+01
1.089389999999999930e+02 8.419360000000000355e+01
1.077090000000000032e+02 8.429460000000000264e+01
1.067590000000000003e+02 8.436860000000000070e+01
1.053020000000000067e+02 8.448550000000000182e+01
1.039429999999999978e+02 8.457850000000000534e+01
1.029180000000000064e+02 8.466389999999999816e+01
9.944360000000000355e+01 8.491079999999999472e+01
9.856820000000000448e+01 8.496040000000000703e+01
9.727270000000000039e+01 8.502790000000000248e+01
9.583920000000000528e+01 8.510179999999999723e+01
9.415540000000000020e+01 8.515449999999999875e+01
9.231289999999999907e+01 8.522920000000000584e+01
8.998040000000000305e+01 8.529569999999999652e+01
8.848629999999999995e+01 8.534560000000000457e+01
8.680209999999999582e+01 8.541750000000000398e+01
8.480209999999999582e+01 8.549979999999999336e+01
8.314249999999999829e+01 8.555599999999999739e+01
8.110269999999999868e+01 8.563880000000000337e+01
7.840340000000000487e+01 8.576819999999999311e+01
7.632599999999999341e+01 8.591670000000000584e+01
7.502930000000000632e+01 8.598850000000000193e+01
7.298420000000000130e+01 8.610630000000000450e+01
7.092589999999999861e+01 8.620260000000000389e+01
6.820810000000000173e+01 8.630580000000000496e+01
6.975220000000000198e+01 8.647239999999999327e+01
6.630100000000000193e+01 8.660649999999999693e+01
6.654380000000000450e+01 8.665489999999999782e+01
6.246249999999999858e+01 8.675480000000000302e+01
6.150560000000000116e+01 8.680490000000000350e+01
5.801780000000000115e+01 8.678749999999999432e+01
5.456139999999999901e+01 8.674590000000000600e+01
5.076959999999999695e+01 8.670600000000000307e+01
4.752349999999999852e+01 8.664060000000000628e+01
4.606250000000000000e+01 8.659820000000000562e+01
4.631369999999999720e+01 8.656119999999999948e+01
4.347950000000000159e+01 8.649580000000000268e+01
4.175549999999999784e+01 8.643160000000000309e+01
3.830129999999999768e+01 8.629149999999999920e+01
3.560669999999999646e+01 8.616070000000000562e+01
3.334000000000000341e+01 8.605339999999999634e+01
3.097210000000000107e+01 8.590829999999999700e+01
2.922939999999999827e+01 8.581010000000000559e+01
2.814329999999999998e+01 8.587449999999999761e+01
2.742729999999999890e+01 8.586740000000000350e+01
2.538279999999999959e+01 8.585909999999999798e+01
2.334700000000000131e+01 8.581740000000000634e+01
2.134260000000000090e+01 8.579869999999999663e+01
1.928450000000000131e+01 8.568420000000000414e+01
1.789000000000000057e+01 8.559120000000000061e+01
1.606259999999999977e+01 8.548550000000000182e+01
1.466619999999999990e+01 8.537969999999999970e+01
1.324200000000000088e+01 8.528140000000000498e+01
1.170359999999999978e+01 8.513729999999999620e+01
1.065879999999999939e+01 8.506699999999999307e+01
9.808500000000000441e+00 8.495789999999999509e+01
8.937659999999999272e+00 8.500939999999999941e+01
8.133929999999999438e+00 8.489820000000000277e+01
6.665399999999999991e+00 8.476220000000000709e+01
5.177500000000000213e+00 8.463209999999999411e+01
4.507550000000000168e+00 8.457019999999999982e+01
4.034670000000000201e+00 8.459690000000000509e+01
3.848190000000000222e+00 8.456109999999999616e+01
3.024020000000000152e+00 8.446179999999999666e+01
2.235129999999999839e+00 8.434350000000000591e+01
1.301139999999999963e+00 8.422329999999999472e+01
4.049909999999999899e-01 8.410169999999999391e+01
-4.691219999999999835e-01 8.399649999999999750e+01
-1.206169999999999964e+00 8.386419999999999675e+01
-2.362569999999999837e+00 8.368959999999999866e+01
-3.204330000000000123e+00 8.357030000000000314e+01
-4.148039999999999949e+00 8.342959999999999354e+01
-5.154189999999999827e+00 8.324909999999999854e+01
-6.234300000000000175e+00 8.300039999999999907e+01
-7.212399999999999700e+00 8.286849999999999739e+01
-5.865409999999999791e+00 8.269119999999999493e+01
-5.009750000000000369e+00 8.251940000000000452e+01
-3.699930000000000163e+00 8.232810000000000628e+01
-3.796069999999999833e+00 8.229030000000000200e+01
-4.536640000000000228e+00 8.205010000000000048e+01
-5.032969999999999722e+00 8.191280000000000427e+01
-3.909110000000000085e+00 8.162030000000000030e+01
-4.152079999999999771e+00 8.155209999999999582e+01
-4.641160000000000174e+00 8.136969999999999459e+01
-3.454110000000000014e+00 8.125050000000000239e+01
-2.414130000000000109e+00 8.112560000000000571e+01
-2.779490000000000016e+00 8.099290000000000589e+01
-3.363750000000000018e+00 8.079219999999999402e+01
-2.941559999999999953e+00 8.075549999999999784e+01
-1.683880000000000043e+00 8.062479999999999336e+01
-2.340790000000000148e+00 8.037040000000000362e+01
-1.765589999999999993e+00 8.030849999999999511e+01
-9.687689999999999912e-01 8.021320000000000050e+01
-2.507229999999999737e-01 8.014209999999999923e+01
6.279280000000000417e-01 8.002639999999999532e+01
1.486599999999999921e+00 7.990850000000000364e+01
2.377609999999999779e+00 7.977970000000000539e+01
3.295879999999999921e+00 7.965749999999999886e+01
4.390259999999999607e+00 7.953270000000000550e+01
3.900679999999999925e+00 7.922799999999999443e+01
3.431729999999999947e+00 7.903019999999999357e+01
3.857060000000000155e+00 7.895000000000000284e+01
4.690680000000000405e+00 7.880580000000000496e+01
5.592089999999999783e+00 7.864100000000000534e+01
6.775540000000000340e+00 7.844379999999999598e+01
7.784839999999999982e+00 7.823470000000000368e+01
7.826909999999999812e+00 7.809029999999999916e+01
7.771189999999999820e+00 7.791119999999999379e+01
7.880029999999999646e+00 7.771189999999999998e+01
7.809000000000000163e+00 7.747910000000000252e+01
7.672010000000000218e+00 7.714839999999999520e+01
7.622259999999999813e+00 7.696920000000000073e+01
7.615450000000000053e+00 7.679850000000000421e+01
7.563019999999999854e+00 7.660150000000000148e+01
7.557129999999999903e+00 7.643070000000000164e+01
7.480439999999999756e+00 7.627899999999999636e+01
7.515229999999999855e+00 7.611669999999999447e+01
7.592920000000000336e+00 7.598069999999999879e+01
7.603329999999999700e+00 7.572889999999999588e+01
7.841630000000000322e+00 7.552729999999999677e+01
7.946430000000000327e+00 7.538169999999999504e+01
8.212199999999999278e+00 7.518819999999999482e+01
8.460279999999999134e+00 7.507550000000000523e+01
8.630369999999999209e+00 7.494620000000000459e+01
8.780989999999999185e+00 7.476309999999999434e+01
8.983990000000000364e+00 7.454259999999999309e+01
9.132590000000000430e+00 7.437720000000000198e+01
9.152580000000000382e+00 7.423269999999999413e+01
9.207689999999999486e+00 7.409640000000000271e+01
9.202949999999999520e+00 7.397950000000000159e+01
9.139630000000000365e+00 7.388200000000000500e+01
9.036910000000000664e+00 7.375849999999999795e+01
8.956979999999999720e+00 7.370640000000000214e+01
8.838029999999999831e+00 7.362820000000000675e+01
8.652120000000000033e+00 7.353350000000000364e+01
8.385830000000000339e+00 7.348529999999999518e+01
8.150230000000000530e+00 7.342719999999999914e+01
7.791220000000000034e+00 7.337120000000000175e+01
7.391000000000000014e+00 7.325239999999999441e+01
7.070719999999999672e+00 7.320350000000000534e+01
6.781729999999999592e+00 7.314480000000000359e+01
6.055139999999999745e+00 7.301879999999999882e+01
5.585980000000000167e+00 7.292430000000000234e+01
4.969610000000000305e+00 7.282049999999999557e+01
4.299900000000000055e+00 7.269700000000000273e+01
3.609370000000000189e+00 7.258010000000000161e+01
2.781029999999999891e+00 7.243309999999999604e+01
1.990580000000000016e+00 7.232779999999999632e+01
9.007150000000000434e-01 7.213370000000000459e+01
2.810650000000000093e-01 7.201479999999999393e+01
-3.924759999999999915e-01 7.191049999999999898e+01
-9.750250000000000306e-01 7.181510000000000105e+01
-1.742520000000000069e+00 7.168510000000000559e+01
-2.398940000000000072e+00 7.159170000000000300e+01
-2.936609999999999943e+00 7.150020000000000664e+01
-3.692309999999999981e+00 7.139799999999999613e+01
-4.072449999999999903e+00 7.149049999999999727e+01
-4.360389999999999766e+00 7.143240000000000123e+01
-4.741249999999999964e+00 7.133320000000000505e+01
-5.157289999999999708e+00 7.143099999999999739e+01
-5.698529999999999873e+00 7.153979999999999961e+01
-5.917110000000000092e+00 7.146460000000000434e+01
-6.332679999999999865e+00 7.138720000000000709e+01
-6.899919999999999831e+00 7.128159999999999741e+01
-7.374690000000000190e+00 7.112479999999999336e+01
-7.941239999999999633e+00 7.121659999999999968e+01
-9.393390000000000128e+00 7.145610000000000639e+01
-1.035599999999999987e+01 7.161450000000000671e+01
-1.136950000000000038e+01 7.177439999999999998e+01
-1.171380000000000088e+01 7.158780000000000143e+01
-1.210570000000000057e+01 7.139579999999999416e+01
-1.235909999999999975e+01 7.125220000000000198e+01
-1.186490000000000045e+01 7.114719999999999800e+01
-1.135629999999999917e+01 7.105190000000000339e+01
-1.166890000000000072e+01 7.087630000000000052e+01
-1.200939999999999941e+01 7.070650000000000546e+01
-1.225489999999999924e+01 7.056300000000000239e+01
-1.290460000000000029e+01 7.069769999999999754e+01
-1.339569999999999972e+01 7.077160000000000650e+01
-1.389240000000000030e+01 7.081579999999999586e+01
-1.403640000000000043e+01 7.072610000000000241e+01
-1.423670000000000080e+01 7.051739999999999498e+01
-1.444790000000000063e+01 7.035389999999999588e+01
-1.473390000000000022e+01 7.038909999999999911e+01
-1.502449999999999974e+01 7.016849999999999454e+01
-1.542450000000000010e+01 6.983969999999999345e+01
-1.571560000000000024e+01 6.954989999999999384e+01
-1.571560000000000024e+01 6.954989999999999384e+01
-1.603350000000000009e+01 6.926470000000000482e+01
-1.626269999999999882e+01 6.903789999999999338e+01
-1.648740000000000094e+01 6.880840000000000600e+01
-1.715370000000000061e+01 6.886490000000000578e+01
-1.739170000000000016e+01 6.869950000000000045e+01
-1.782910000000000039e+01 6.839979999999999905e+01
-1.822030000000000172e+01 6.806619999999999493e+01
-1.848989999999999867e+01 6.773760000000000048e+01
-1.875619999999999976e+01 6.744339999999999691e+01
-1.909880000000000067e+01 6.705809999999999604e+01
-1.811799999999999855e+01 6.693370000000000175e+01
-1.824729999999999919e+01 6.678069999999999595e+01
-1.747350000000000136e+01 6.668519999999999470e+01
-1.771780000000000044e+01 6.636450000000000671e+01
-1.650679999999999836e+01 6.620300000000000296e+01
-1.665609999999999857e+01 6.594350000000000023e+01
-1.685940000000000083e+01 6.567730000000000246e+01
-1.702499999999999858e+01 6.537930000000000064e+01
-1.714099999999999824e+01 6.499519999999999698e+01
-1.736749999999999972e+01 6.473669999999999902e+01
-1.782179999999999964e+01 6.448919999999999675e+01
-1.862610000000000099e+01 6.418229999999999791e+01
-1.904070000000000107e+01 6.398490000000000322e+01
-1.923770000000000024e+01 6.386249999999999716e+01
-2.009669999999999845e+01 6.394939999999999714e+01
-2.073130000000000095e+01 6.401709999999999923e+01
-2.129759999999999920e+01 6.406719999999999970e+01
-2.206559999999999988e+01 6.392240000000000322e+01
-2.253740000000000165e+01 6.383610000000000184e+01
-2.287199999999999989e+01 6.376729999999999876e+01
-2.305859999999999843e+01 6.364979999999999905e+01
-2.333030000000000115e+01 6.365079999999999671e+01
-2.348730000000000118e+01 6.356819999999999737e+01
-2.374050000000000082e+01 6.347370000000000090e+01
-2.400949999999999918e+01 6.335510000000000019e+01
-2.425469999999999970e+01 6.322970000000000113e+01
-2.451930000000000121e+01 6.311019999999999897e+01
-2.472070000000000078e+01 6.299219999999999686e+01
-2.488810000000000144e+01 6.292379999999999995e+01
-2.503509999999999991e+01 6.280030000000000001e+01
-2.515640000000000143e+01 6.271000000000000085e+01
-2.531119999999999948e+01 6.261370000000000147e+01
-2.544869999999999877e+01 6.261999999999999744e+01
-2.564349999999999952e+01 6.250310000000000343e+01
-2.587480000000000047e+01 6.237510000000000332e+01
-2.610719999999999885e+01 6.223729999999999762e+01
-2.630890000000000128e+01 6.210499999999999687e+01
-2.652649999999999864e+01 6.193919999999999959e+01
-2.676800000000000068e+01 6.182520000000000238e+01
-2.703160000000000096e+01 6.166539999999999822e+01
-2.722569999999999979e+01 6.153199999999999648e+01
-2.738879999999999981e+01 6.139759999999999707e+01
-2.758170000000000144e+01 6.125189999999999912e+01
-2.785450000000000159e+01 6.106640000000000157e+01
-2.802370000000000161e+01 6.095629999999999882e+01
-2.819239999999999924e+01 6.084830000000000183e+01
-2.840769999999999840e+01 6.070450000000000301e+01
-2.864160000000000039e+01 6.056609999999999872e+01
-2.882860000000000156e+01 6.041859999999999786e+01
-2.892660000000000053e+01 6.033339999999999748e+01
-2.902850000000000108e+01 6.033990000000000009e+01
-2.911799999999999855e+01 6.027309999999999945e+01
-2.922449999999999903e+01 6.016779999999999973e+01
-2.937170000000000059e+01 6.008270000000000266e+01
-2.937170000000000059e+01 6.008270000000000266e+01
-2.950750000000000028e+01 5.996920000000000073e+01
-2.963619999999999877e+01 5.986780000000000257e+01
-2.984949999999999903e+01 5.975079999999999814e+01
-3.004289999999999949e+01 5.961820000000000164e+01
-3.016300000000000026e+01 5.952859999999999729e+01
-3.030549999999999855e+01 5.938969999999999771e+01
-3.045270000000000010e+01 5.923830000000000240e+01
-3.064659999999999940e+01 5.909250000000000114e+01
-3.079110000000000014e+01 5.894080000000000297e+01
-3.097700000000000031e+01 5.897590000000000288e+01
-3.103920000000000101e+01 5.889229999999999876e+01
-3.117800000000000082e+01 5.880480000000000018e+01
-3.130310000000000059e+01 5.868959999999999866e+01
-3.142739999999999867e+01 5.857430000000000092e+01
-3.155600000000000094e+01 5.844659999999999656e+01
-3.174510000000000076e+01 5.846829999999999927e+01
-3.179960000000000164e+01 5.839670000000000272e+01
-3.187229999999999919e+01 5.834020000000000294e+01
-3.198349999999999937e+01 5.824920000000000186e+01
-3.212250000000000227e+01 5.814840000000000231e+01
-3.228050000000000352e+01 5.799790000000000134e+01
-3.247240000000000038e+01 5.800619999999999976e+01
-3.249179999999999779e+01 5.795660000000000167e+01
-3.261880000000000024e+01 5.788000000000000256e+01
-3.270819999999999794e+01 5.777349999999999852e+01
-3.280649999999999977e+01 5.764220000000000255e+01
-3.291770000000000351e+01 5.766709999999999781e+01
-3.296410000000000196e+01 5.760759999999999792e+01
-3.301039999999999708e+01 5.754800000000000182e+01
-3.307030000000000314e+01 5.745120000000000005e+01
-3.320309999999999917e+01 5.728490000000000038e+01
-3.337729999999999819e+01 5.726469999999999771e+01
-3.349660000000000082e+01 5.726429999999999865e+01
-3.350900000000000034e+01 5.716250000000000142e+01
-3.353540000000000276e+01 5.708800000000000097e+01
-3.356620000000000203e+01 5.700099999999999767e+01
-3.358709999999999951e+01 5.687449999999999761e+01
-3.368240000000000123e+01 5.687149999999999750e+01
-3.379610000000000269e+01 5.688329999999999842e+01
-3.397809999999999775e+01 5.690189999999999770e+01
-3.400350000000000250e+01 5.682739999999999725e+01
-3.404299999999999926e+01 5.677989999999999782e+01
-3.407240000000000180e+01 5.673879999999999768e+01
-3.421849999999999881e+01 5.674620000000000175e+01
-3.424739999999999895e+01 5.665919999999999845e+01
-3.432139999999999702e+01 5.657659999999999911e+01
-3.434599999999999653e+01 5.650200000000000244e+01
-3.444019999999999726e+01 5.649849999999999994e+01
-3.446039999999999992e+01 5.643630000000000280e+01
-3.449269999999999925e+01 5.633679999999999666e+01
-3.451039999999999708e+01 5.621009999999999707e+01
-3.455830000000000268e+01 5.606080000000000041e+01
-3.462030000000000030e+01 5.593860000000000099e+01
-3.463759999999999906e+01 5.581190000000000140e+01
-3.487740000000000151e+01 5.584850000000000136e+01
-3.490059999999999718e+01 5.577380000000000138e+01
-3.497169999999999845e+01 5.569089999999999918e+01
-3.508039999999999736e+01 5.548349999999999937e+01
-3.517320000000000135e+01 5.532589999999999719e+01
-3.525079999999999814e+01 5.514119999999999777e+01
-3.533859999999999957e+01 5.499589999999999890e+01
-3.521200000000000330e+01 5.497070000000000078e+01
-3.527389999999999759e+01 5.491270000000000095e+01
-3.528900000000000148e+01 5.478600000000000136e+01
-3.536509999999999820e+01 5.467810000000000059e+01
-3.541230000000000189e+01 5.451610000000000156e+01
-3.548780000000000001e+01 5.433129999999999882e+01
-3.531320000000000192e+01 5.432690000000000197e+01
-3.512100000000000222e+01 5.430760000000000076e+01
-3.514690000000000225e+01 5.422039999999999793e+01
-3.520120000000000005e+01 5.411050000000000182e+01
-3.526979999999999649e+01 5.395069999999999766e+01
-3.532719999999999771e+01 5.382820000000000249e+01
-3.539500000000000313e+01 5.366839999999999833e+01
-3.545170000000000243e+01 5.354590000000000316e+01
-3.524569999999999936e+01 5.351209999999999667e+01
-3.525650000000000261e+01 5.347469999999999857e+01
-3.528179999999999694e+01 5.338750000000000284e+01
-3.532480000000000331e+01 5.323799999999999955e+01
-3.518280000000000030e+01 5.321050000000000324e+01
-3.518370000000000175e+01 5.313360000000000127e+01
-3.516129999999999711e+01 5.299009999999999820e+01
-3.515610000000000213e+01 5.286110000000000042e+01
-3.513759999999999906e+01 5.270510000000000161e+01
-3.501069999999999993e+01 5.270439999999999969e+01
-3.488369999999999749e+01 5.270360000000000156e+01
-3.492479999999999762e+01 5.270799999999999841e+01
-3.457189999999999941e+01 5.268220000000000169e+01
-3.417450000000000188e+01 5.266299999999999670e+01
-3.371189999999999998e+01 5.264770000000000039e+01
-3.333539999999999992e+01 5.262810000000000343e+01
-3.302040000000000219e+01 5.261509999999999820e+01
-3.285699999999999932e+01 5.259459999999999980e+01
-3.264860000000000184e+01 5.258100000000000307e+01
-3.235889999999999844e+01 5.255639999999999645e+01
-3.205349999999999966e+01 5.251599999999999824e+01
-3.186599999999999966e+01 5.250379999999999825e+01
-3.158170000000000144e+01 5.246490000000000009e+01
-3.125730000000000075e+01 5.241969999999999885e+01
-3.126510000000000034e+01 5.234270000000000067e+01
-3.125270000000000081e+01 5.226279999999999859e+01
-3.126839999999999975e+01 5.210889999999999844e+01
-3.105790000000000006e+01 5.210479999999999734e+01
-3.080740000000000123e+01 5.209449999999999648e+01
-3.037640000000000029e+01 5.205680000000000263e+01
-3.002619999999999933e+01 5.202969999999999828e+01
-3.003610000000000113e+01 5.195280000000000342e+01
-3.001099999999999923e+01 5.185750000000000171e+01
-3.000600000000000023e+01 5.176520000000000010e+01
-3.000100000000000122e+01 5.162049999999999983e+01
-2.999609999999999843e+01 5.142360000000000042e+01
-3.000100000000000122e+01 5.125439999999999685e+01
-2.997650000000000148e+01 5.110669999999999646e+01
-2.998150000000000048e+01 5.098980000000000246e+01
-2.994249999999999901e+01 5.093130000000000024e+01
-2.990850000000000009e+01 5.086050000000000182e+01
-2.987460000000000093e+01 5.078970000000000340e+01
-2.983089999999999975e+01 5.074349999999999739e+01
-2.976800000000000068e+01 5.069409999999999883e+01
-2.966189999999999927e+01 5.059839999999999804e+01
-2.953679999999999950e+01 5.049949999999999761e+01
-2.950809999999999889e+01 5.046860000000000213e+01
-2.942660000000000053e+01 5.041590000000000060e+01
-2.932179999999999964e+01 5.031989999999999696e+01
-2.919819999999999993e+01 5.022059999999999746e+01
-2.912650000000000006e+01 5.019539999999999935e+01
-2.902169999999999916e+01 5.015149999999999864e+01
-2.899470000000000169e+01 5.006810000000000116e+01
-2.898679999999999879e+01 4.998799999999999955e+01
-2.896000000000000085e+01 4.990469999999999828e+01
-2.889519999999999911e+01 4.981479999999999819e+01
-2.886860000000000070e+01 4.973140000000000072e+01
-2.881810000000000116e+01 4.965699999999999648e+01
-2.871829999999999927e+01 4.965279999999999916e+01
-2.856190000000000140e+01 4.963859999999999673e+01
-2.854459999999999908e+01 4.958299999999999841e+01
-2.848610000000000042e+01 4.948060000000000258e+01
-2.845179999999999865e+01 4.936930000000000263e+01
-2.842620000000000147e+01 4.928580000000000183e+01
-2.835300000000000153e+01 4.922010000000000218e+01
-2.831739999999999924e+01 4.916109999999999758e+01
-2.826310000000000144e+01 4.909870000000000090e+01
-2.820579999999999998e+01 4.899620000000000175e+01
-2.816219999999999857e+01 4.890930000000000177e+01
-2.808680000000000021e+01 4.880340000000000344e+01
-2.803529999999999944e+01 4.868849999999999767e+01
-2.801079999999999970e+01 4.860499999999999687e+01
-2.788950000000000173e+01 4.860889999999999844e+01
-2.776020000000000110e+01 4.858480000000000132e+01
-2.774940000000000140e+01 4.851689999999999969e+01
-2.773059999999999903e+01 4.842099999999999937e+01
-2.771180000000000021e+01 4.832520000000000238e+01
-2.770360000000000156e+01 4.820499999999999829e+01
-2.765360000000000085e+01 4.809000000000000341e+01
-2.763510000000000133e+01 4.799419999999999931e+01
-2.762180000000000035e+01 4.788609999999999900e+01
-2.759049999999999869e+01 4.777459999999999951e+01
-2.756439999999999912e+01 4.765079999999999671e+01
-2.746349999999999980e+01 4.765780000000000172e+01
-2.744800000000000040e+01 4.760199999999999676e+01
-2.744290000000000163e+01 4.752190000000000225e+01
-2.746359999999999957e+01 4.747310000000000230e+01
-2.745850000000000080e+01 4.739289999999999736e+01
-2.746120000000000161e+01 4.734060000000000201e+01
-2.747409999999999997e+01 4.726400000000000290e+01
-2.744069999999999965e+01 4.720470000000000255e+01
-2.738190000000000168e+01 4.711399999999999721e+01
-2.733360000000000056e+01 4.699900000000000233e+01
-2.734659999999999869e+01 4.692229999999999990e+01
-2.737740000000000151e+01 4.684909999999999997e+01
-2.737750000000000128e+01 4.675679999999999836e+01
-2.743599999999999994e+01 4.675509999999999877e+01
-2.744369999999999976e+01 4.669060000000000343e+01
-2.744630000000000081e+01 4.663830000000000098e+01
-2.747169999999999845e+01 4.648499999999999943e+01
-2.748679999999999879e+01 4.635600000000000165e+01
-2.748930000000000007e+01 4.630369999999999919e+01
-2.751200000000000045e+01 4.620270000000000010e+01
-2.756490000000000151e+01 4.621309999999999718e+01
-2.757229999999999848e+01 4.614860000000000184e+01
-2.758470000000000155e+01 4.607189999999999941e+01
-2.760200000000000031e+01 4.598299999999999699e+01
-2.767729999999999890e+01 4.598460000000000036e+01
-2.769709999999999894e+01 4.593580000000000041e+01
-2.769940000000000069e+01 4.588349999999999795e+01
-2.773939999999999984e+01 4.587819999999999965e+01
-2.775919999999999987e+01 4.582930000000000348e+01
-2.777339999999999876e+01 4.570029999999999859e+01
-2.779520000000000124e+01 4.559920000000000329e+01
-2.782460000000000022e+01 4.552590000000000003e+01
-2.787699999999999889e+01 4.553620000000000090e+01
-2.786439999999999984e+01 4.552060000000000173e+01
-2.786159999999999926e+01 4.548049999999999926e+01
-2.787140000000000128e+01 4.545609999999999928e+01
-2.792360000000000042e+01 4.546629999999999683e+01
-2.793819999999999837e+01 4.542960000000000065e+01
-2.793540000000000134e+01 4.538960000000000150e+01
-2.793740000000000023e+01 4.533729999999999905e+01
-2.797210000000000107e+01 4.534409999999999741e+01
-2.797899999999999920e+01 4.527960000000000207e+01
-2.798570000000000135e+01 4.521509999999999962e+01
-2.798770000000000024e+01 4.516279999999999717e+01
-2.799449999999999861e+01 4.509830000000000183e+01
-2.807629999999999981e+01 4.512740000000000151e+01
-2.810020000000000095e+01 4.506629999999999825e+01
-2.811459999999999937e+01 4.502960000000000207e+01
-2.813850000000000051e+01 4.496849999999999881e+01
-2.815749999999999886e+01 4.491960000000000264e+01
-2.810569999999999879e+01 4.490939999999999799e+01
-2.814209999999999923e+01 4.486390000000000100e+01
-2.814379999999999882e+01 4.481159999999999854e+01
-2.816760000000000019e+01 4.475050000000000239e+01
-2.821499999999999986e+01 4.462810000000000343e+01
-2.825740000000000052e+01 4.451800000000000068e+01
-2.828249999999999886e+01 4.440460000000000207e+01
-2.832000000000000028e+01 4.430669999999999931e+01
-2.836659999999999826e+01 4.418430000000000035e+01
-2.843489999999999895e+01 4.419760000000000133e+01
-2.843639999999999901e+01 4.414529999999999887e+01
-2.845489999999999853e+01 4.409629999999999939e+01
-2.848270000000000124e+01 4.402289999999999992e+01
-2.848089999999999833e+01 4.393050000000000210e+01
-2.851310000000000144e+01 4.384479999999999933e+01
-2.852370000000000161e+01 4.376800000000000068e+01
-2.879639999999999844e+01 4.376839999999999975e+01
-2.884049999999999869e+01 4.369809999999999661e+01
-2.888449999999999918e+01 4.362780000000000058e+01
-2.893390000000000128e+01 4.349289999999999878e+01
-2.900789999999999935e+01 4.338900000000000290e+01
-2.909140000000000015e+01 4.320819999999999794e+01
-2.917360000000000042e+01 4.307959999999999923e+01
-2.931680000000000064e+01 4.308070000000000022e+01
-2.931749999999999901e+01 4.302839999999999776e+01
-2.932679999999999865e+01 4.295150000000000290e+01
-2.934919999999999973e+01 4.283780000000000143e+01
-2.937150000000000105e+01 4.272399999999999665e+01
-2.932140000000000057e+01 4.271450000000000102e+01
-2.931769999999999854e+01 4.267439999999999856e+01
-2.933940000000000126e+01 4.261299999999999955e+01
-2.936959999999999837e+01 4.252709999999999724e+01
-2.939179999999999993e+01 4.241329999999999956e+01
-2.943469999999999942e+01 4.229050000000000153e+01
-2.922259999999999991e+01 4.228909999999999769e+01
-2.922329999999999828e+01 4.223680000000000234e+01
-2.924490000000000123e+01 4.217540000000000333e+01
-2.924200000000000088e+01 4.208310000000000173e+01
-2.926060000000000016e+01 4.192940000000000111e+01
-2.916159999999999997e+01 4.191009999999999991e+01
-2.920029999999999859e+01 4.179970000000000141e+01
-2.920599999999999952e+01 4.168280000000000030e+01
-2.924520000000000053e+01 4.152000000000000313e+01
-2.929200000000000159e+01 4.138490000000000180e+01
-2.932229999999999848e+01 4.124669999999999703e+01
-2.922860000000000014e+01 4.121529999999999916e+01
-2.924200000000000088e+01 4.112610000000000099e+01
-2.925600000000000023e+01 4.098469999999999658e+01
-2.927769999999999939e+01 4.087100000000000222e+01
-2.929990000000000094e+01 4.070499999999999829e+01
-2.934600000000000009e+01 4.056989999999999696e+01
-2.956050000000000111e+01 4.059870000000000090e+01
-2.957700000000000173e+01 4.054950000000000188e+01
-2.956950000000000145e+01 4.046949999999999648e+01
-2.959840000000000160e+01 4.038349999999999795e+01
-2.963129999999999953e+01 4.028509999999999991e+01
-2.963980000000000103e+01 4.020819999999999794e+01
-2.965650000000000119e+01 4.010679999999999978e+01
-2.958810000000000073e+01 4.010649999999999693e+01
-2.958020000000000138e+01 4.007880000000000109e+01
-2.961270000000000024e+01 4.003280000000000172e+01
-2.960889999999999844e+01 3.999280000000000257e+01
-2.976980000000000004e+01 3.939959999999999951e+01
-2.976980000000000004e+01 3.939959999999999951e+01
-2.976980000000000004e+01 3.939959999999999951e+01
-2.933500000000000085e+01 3.931499999999999773e+01
-2.929710000000000036e+01 3.925540000000000163e+01
-2.926030000000000086e+01 3.925019999999999953e+01
-2.918809999999999860e+01 3.927859999999999729e+01
-2.914720000000000155e+01 3.929370000000000118e+01
-2.909039999999999893e+01 3.932319999999999993e+01
-2.904949999999999832e+01 3.933820000000000050e+01
-2.898189999999999955e+01 3.936560000000000059e+01
-2.895050000000000168e+01 3.937890000000000157e+01
-2.889460000000000051e+01 3.941199999999999903e+01
-2.885290000000000177e+01 3.937250000000000227e+01
-2.878119999999999834e+01 3.929930000000000234e+01
-2.874540000000000006e+01 3.926259999999999906e+01
-2.868629999999999924e+01 3.921439999999999770e+01
-2.866600000000000037e+01 3.917900000000000205e+01
-2.861919999999999931e+01 3.912080000000000268e+01
-2.856650000000000134e+01 3.912989999999999924e+01
-2.848359999999999914e+01 3.915579999999999927e+01
-2.845220000000000127e+01 3.913389999999999702e+01
-2.842040000000000077e+01 3.909270000000000067e+01
-2.839549999999999841e+01 3.905799999999999983e+01
-2.836489999999999867e+01 3.902040000000000219e+01
-2.834209999999999852e+01 3.899309999999999832e+01
-2.829189999999999827e+01 3.893939999999999912e+01
-2.821549999999999869e+01 3.895239999999999725e+01
-2.811990000000000123e+01 3.896849999999999881e+01
-2.805880000000000152e+01 3.898270000000000124e+01
-2.795459999999999923e+01 3.900410000000000110e+01
-2.779329999999999856e+01 3.899980000000000047e+01
-2.772230000000000061e+01 3.894160000000000110e+01
-2.767970000000000041e+01 3.891360000000000241e+01
-2.760610000000000142e+01 3.886350000000000193e+01
-2.755880000000000152e+01 3.883630000000000138e+01
-2.748440000000000083e+01 3.878240000000000265e+01
-2.723939999999999984e+01 3.877960000000000207e+01
-2.720329999999999870e+01 3.869989999999999952e+01
-2.717429999999999879e+01 3.866579999999999728e+01
-2.712900000000000134e+01 3.860699999999999932e+01
-2.708950000000000102e+01 3.857059999999999889e+01
-2.702890000000000015e+01 3.849110000000000298e+01
-2.700679999999999836e+01 3.846350000000000335e+01
-2.694079999999999941e+01 3.840030000000000143e+01
-2.690060000000000073e+01 3.836010000000000275e+01
-2.682989999999999853e+01 3.827819999999999823e+01
-2.671799999999999997e+01 3.842020000000000124e+01
-2.664740000000000109e+01 3.835759999999999792e+01
-2.661410000000000053e+01 3.832399999999999807e+01
-2.653229999999999933e+01 3.825540000000000163e+01
-2.649429999999999907e+01 3.822249999999999659e+01
-2.641659999999999897e+01 3.814929999999999666e+01
-2.637869999999999848e+01 3.811639999999999873e+01
-2.630209999999999937e+01 3.804679999999999751e+01
-2.617139999999999844e+01 3.803600000000000136e+01
-2.607519999999999882e+01 3.796549999999999869e+01
-2.604319999999999879e+01 3.793549999999999756e+01
-2.591619999999999990e+01 3.783859999999999957e+01
-2.580809999999999960e+01 3.787830000000000297e+01
-2.573410000000000153e+01 3.781589999999999918e+01
-2.569839999999999947e+01 3.779019999999999868e+01
-2.563319999999999865e+01 3.772249999999999659e+01
-2.553839999999999932e+01 3.781810000000000116e+01
-2.546379999999999910e+01 3.775169999999999959e+01
-2.542650000000000077e+01 3.771849999999999881e+01
-2.535470000000000113e+01 3.766329999999999956e+01
-2.526709999999999923e+01 3.776919999999999789e+01
-2.510129999999999839e+01 3.764629999999999654e+01
-2.498349999999999937e+01 3.764410000000000167e+01
-2.493149999999999977e+01 3.760909999999999798e+01
-2.489150000000000063e+01 3.758389999999999986e+01
-2.484509999999999863e+01 3.755190000000000339e+01
-2.481640000000000157e+01 3.753280000000000172e+01
-2.477479999999999905e+01 3.750010000000000332e+01
-2.473320000000000007e+01 3.746730000000000160e+01
-2.466689999999999827e+01 3.741100000000000136e+01
-2.470220000000000127e+01 3.735190000000000055e+01
-2.473789999999999978e+01 3.727329999999999899e+01
-2.474950000000000117e+01 3.721739999999999782e+01
-2.468049999999999855e+01 3.712669999999999959e+01
-2.463449999999999918e+01 3.709459999999999980e+01
-2.455409999999999826e+01 3.701720000000000255e+01
-2.450019999999999953e+01 3.697070000000000078e+01
-2.443370000000000175e+01 3.691049999999999898e+01
-2.438459999999999894e+01 3.686330000000000240e+01
-2.431109999999999971e+01 3.679249999999999687e+01
-2.425540000000000163e+01 3.678099999999999881e+01
-2.414610000000000056e+01 3.678849999999999909e+01
-2.404560000000000031e+01 3.675480000000000302e+01
-2.356970000000000098e+01 3.664589999999999748e+01
-2.289329999999999998e+01 3.670199999999999818e+01
-2.221600000000000108e+01 3.675430000000000064e+01
-2.150720000000000098e+01 3.681969999999999743e+01
-2.079729999999999990e+01 3.688089999999999691e+01
-2.024030000000000129e+01 3.695430000000000348e+01
-1.968230000000000146e+01 3.702510000000000190e+01
-1.861799999999999855e+01 3.730700000000000216e+01
-1.812440000000000140e+01 3.746569999999999823e+01
-1.758429999999999893e+01 3.750339999999999918e+01
-1.674200000000000088e+01 3.743540000000000134e+01
-1.584149999999999991e+01 3.729659999999999798e+01
-1.538649999999999984e+01 3.721170000000000044e+01
-1.514269999999999960e+01 3.702060000000000173e+01
-1.441089999999999982e+01 3.721009999999999707e+01
-1.367539999999999978e+01 3.739500000000000313e+01
-1.290349999999999930e+01 3.686379999999999768e+01
-1.214240000000000030e+01 3.632759999999999678e+01
-1.158539999999999992e+01 3.585119999999999862e+01
-1.092329999999999934e+01 3.609839999999999804e+01
-1.042869999999999919e+01 3.639159999999999684e+01
-9.976850000000000662e+00 3.665140000000000242e+01
-9.545210000000000861e+00 3.642960000000000065e+01
-8.784549999999999415e+00 3.605089999999999861e+01
-8.031219999999999359e+00 3.566749999999999687e+01
-7.192610000000000170e+00 3.527289999999999992e+01
-6.730290000000000106e+00 3.506329999999999814e+01
-6.063749999999999751e+00 3.478390000000000271e+01
-6.039729999999999599e+00 3.451740000000000208e+01
-6.000239999999999796e+00 3.426339999999999719e+01
-5.807970000000000077e+00 3.401910000000000167e+01
-5.396580000000000155e+00 3.398499999999999943e+01
-5.072259999999999991e+00 3.407829999999999870e+01
-4.705619999999999692e+00 3.406810000000000116e+01
-4.056449999999999889e+00 3.419930000000000092e+01
-3.781870000000000065e+00 3.501359999999999673e+01
-3.749359999999999804e+00 3.559620000000000317e+01
-3.295949999999999935e+00 3.585770000000000124e+01
-2.893320000000000114e+00 3.601839999999999975e+01
-2.572909999999999808e+00 3.610529999999999973e+01
-1.991719999999999935e+00 3.589849999999999852e+01
-1.516240000000000032e+00 3.577089999999999748e+01
-7.477570000000000050e-01 3.577570000000000050e+01
3.047429999999999844e-03 3.590400000000000347e+01
6.670279999999999543e-01 3.607229999999999848e+01
1.244709999999999983e+00 3.628229999999999933e+01
1.970180000000000042e+00 3.650260000000000105e+01
2.379879999999999995e+00 3.659420000000000073e+01
3.453580000000000094e+00 3.685090000000000288e+01
4.296529999999999738e+00 3.696949999999999648e+01
5.142039999999999722e+00 3.708209999999999695e+01
5.973830000000000418e+00 3.715400000000000347e+01
6.784049999999999692e+00 3.732189999999999941e+01
6.784049999999999692e+00 3.732189999999999941e+01
7.215169999999999639e+00 3.732030000000000314e+01
7.804649999999999643e+00 3.735819999999999652e+01
8.265169999999999462e+00 3.746750000000000114e+01
8.626970000000000027e+00 3.778960000000000008e+01
8.942090000000000316e+00 3.821170000000000044e+01
9.263820000000000832e+00 3.834100000000000108e+01
9.700150000000000716e+00 3.846979999999999933e+01
1.008929999999999971e+01 3.857169999999999987e+01
1.037320000000000064e+01 3.868500000000000227e+01
1.037320000000000064e+01 3.868500000000000227e+01
1.060909999999999975e+01 3.882090000000000174e+01
1.082740000000000080e+01 3.899389999999999645e+01
1.111759999999999948e+01 3.906719999999999970e+01
1.136260000000000048e+01 3.907480000000000331e+01
1.165889999999999915e+01 3.903269999999999840e+01
1.177769999999999939e+01 3.893439999999999657e+01
1.205739999999999945e+01 3.887810000000000343e+01
1.243350000000000044e+01 3.884870000000000090e+01
1.270759999999999934e+01 3.860040000000000049e+01
1.331370000000000076e+01 3.861050000000000182e+01
1.381150000000000055e+01 3.862500000000000000e+01
1.411389999999999922e+01 3.869530000000000314e+01
1.451449999999999996e+01 3.876530000000000342e+01
1.451449999999999996e+01 3.876530000000000342e+01
1.517520000000000024e+01 3.829240000000000066e+01
1.549929999999999986e+01 3.840140000000000242e+01
1.563870000000000005e+01 3.829930000000000234e+01
1.555109999999999992e+01 3.811359999999999815e+01
1.542070000000000007e+01 3.788569999999999993e+01
1.534440000000000026e+01 3.761520000000000152e+01
1.537509999999999977e+01 3.734009999999999962e+01
1.537509999999999977e+01 3.734009999999999962e+01
1.583189999999999920e+01 3.727429999999999666e+01
1.623649999999999949e+01 3.730879999999999797e+01
1.682369999999999877e+01 3.739849999999999852e+01
1.716760000000000019e+01 3.750260000000000105e+01
1.741949999999999932e+01 3.770080000000000098e+01
1.761169999999999902e+01 3.799289999999999878e+01
1.777309999999999945e+01 3.828549999999999898e+01
1.784469999999999956e+01 3.846150000000000091e+01
1.803069999999999951e+01 3.851619999999999777e+01
1.808569999999999922e+01 3.879410000000000025e+01
1.806210000000000093e+01 3.900630000000000308e+01
1.795990000000000109e+01 3.916960000000000264e+01
1.795990000000000109e+01 3.916960000000000264e+01
1.836439999999999984e+01 3.894740000000000180e+01
1.889499999999999957e+01 3.869420000000000215e+01
1.958439999999999870e+01 3.827159999999999940e+01
2.000000000000000000e+01 3.790749999999999886e+01
2.000000000000000000e+01 3.790749999999999886e+01
2.030010000000000048e+01 3.780389999999999873e+01
2.030010000000000048e+01 3.780389999999999873e+01
2.028190000000000026e+01 3.811480000000000246e+01
2.043740000000000023e+01 3.847120000000000317e+01
2.109669999999999845e+01 3.843889999999999674e+01
2.158220000000000027e+01 3.842049999999999699e+01
2.216369999999999862e+01 3.835529999999999973e+01
2.272719999999999985e+01 3.827129999999999654e+01
2.295459999999999923e+01 3.859899999999999665e+01
2.321199999999999974e+01 3.894839999999999947e+01
2.346340000000000003e+01 3.928690000000000282e+01
2.378659999999999997e+01 3.972039999999999793e+01
2.400219999999999843e+01 3.991779999999999973e+01
2.455949999999999989e+01 4.005539999999999878e+01
2.493100000000000094e+01 4.009219999999999828e+01
2.541649999999999920e+01 4.015639999999999787e+01
2.541649999999999920e+01 4.015639999999999787e+01
2.588115505187539966e+01 4.034823561496322952e+01
2.610219763527588555e+01 4.039511073000070240e+01
2.630956748155881897e+01 4.045062419395924280e+01
2.647170567957367382e+01 4.048697944313624220e+01
2.669016556742527158e+01 4.055703755216021023e+01
2.686595750843085639e+01 4.061018091089561466e+01
2.699225463109505796e+01 4.065680855372178826e+01
2.721754139044202248e+01 4.071763451816341473e+01
2.734895866672774645e+01 4.075384487101916875e+01
2.745947014675508413e+01 4.079150585172849475e+01
2.756307465928070854e+01 4.079568908735759436e+01
2.769706982881385215e+01 4.081241939404186780e+01
2.786559983585553368e+01 4.081241939404186780e+01
2.801479033389244222e+01 4.080510040380904968e+01
2.805208795840166403e+01 4.080510040380904968e+01
2.808662279591021260e+01 4.081032833634908741e+01
2.814740410992524389e+01 4.082287369399068666e+01
2.830902714946522281e+01 4.084691233112447861e+01
2.851899896151715907e+01 4.086571909727763341e+01
2.863365462204552614e+01 4.087303139774244443e+01
2.878008233308175434e+01 4.088034289068185956e+01
2.887677987810567259e+01 4.087303139774244443e+01
2.892236586361694251e+01 4.085004716291708604e+01
2.899696111263539677e+01 4.081137387343295586e+01
2.908537029665726692e+01 4.077581637072931642e+01
2.918897480918289133e+01 4.073500637597328478e+01
2.928290956720612570e+01 4.072558512750685367e+01
2.938098850573039300e+01 4.072872569187386205e+01
2.950945810126216529e+01 4.072453823978254661e+01
2.963378351629291174e+01 4.073500637597328478e+01
2.969732761730863402e+01 4.073709980559350186e+01
2.979955073633392004e+01 4.072663199876356543e+01
2.989762967485818379e+01 4.072349133559075796e+01
3.008688058440499802e+01 4.072035052421129109e+01
3.016700140742481651e+01 4.071511550923736422e+01
3.024574083694428239e+01 4.069521869802975544e+01
3.029408960945625040e+01 4.066693405751840373e+01
3.034105698846786936e+01 4.064597473448656473e+01
3.041150805698529069e+01 4.064073387490955014e+01
3.051787535651160255e+01 4.062815413300803158e+01
3.061733568853620824e+01 4.061347477191630162e+01
3.069331233105499734e+01 4.058935167603049621e+01
3.078862848257857721e+01 4.057151596670292548e+01
3.088394463410215351e+01 4.057046665923989082e+01
3.097511660512470755e+01 4.057151596670292548e+01
3.106184996203980830e+01 4.058108219321487553e+01
3.114056134436583889e+01 4.059205360918505079e+01
3.122514882868654951e+01 4.060403633639032961e+01
3.130502425416629109e+01 4.062340993429916836e+01
3.142959506673712511e+01 4.065331124654475303e+01
3.151800425075898815e+01 4.067845887837932395e+01
3.164785523979111304e+01 4.069836069497429776e+01
3.182605500133518817e+01 4.073500637597327056e+01
3.191014502932865327e+01 4.075107519049335281e+01
3.199278118425464612e+01 4.076856441414491883e+01
3.215897083491754671e+01 4.079464330316049114e+01
3.231368690695580881e+01 4.081764674995947928e+01
3.237274546523786256e+01 4.082805465373606069e+01
3.243391242305072097e+01 4.083510408500183075e+01
3.254125840861635055e+01 4.085624788163548970e+01
3.259756441613944133e+01 4.086666408292251162e+01
3.265994661152475231e+01 4.087401570932048145e+01
3.272718975719981671e+01 4.088626660605230967e+01
3.278187544795966346e+01 4.089545329053838429e+01
3.283534590114707186e+01 4.090096468897072413e+01
3.290623475953945132e+01 4.091290447687827481e+01
3.297550330116859385e+01 4.091872051564875790e+01
3.304963279308748980e+01 4.092667847633911293e+01
3.313285325265844250e+01 4.094402314490757533e+01
3.320882989517723161e+01 4.095341339963688654e+01
3.332072276870491123e+01 4.096384544975860820e+01
3.347543884074318044e+01 4.097844754999232464e+01
3.354058877235366509e+01 4.099030766245202528e+01
3.358757795848804051e+01 4.099825699772306820e+01
3.361431318508174826e+01 4.100712243313005700e+01
3.373057091284526621e+01 4.103157262375982128e+01
3.386775459484021411e+01 4.106911672033964322e+01
3.394283240883162023e+01 4.108349914009868087e+01
3.401832648637746814e+01 4.109306586559098662e+01
3.410243361001220563e+01 4.110334256244461670e+01
3.419100067392017905e+01 4.110972099323720386e+01
3.423813513893478699e+01 4.111402499944209410e+01
3.428633956264160787e+01 4.111036264540354068e+01
3.433466559795571271e+01 4.111076179847452750e+01
3.439044491468072806e+01 4.110944702497145187e+01
3.447142355448954021e+01 4.111492485442925471e+01
3.459298618251961699e+01 4.111596557716887190e+01
3.475184643505890847e+01 4.111076179847452750e+01
3.489689275259478052e+01 4.110868017150056630e+01
3.492572258830630716e+01 4.110645609250416754e+01
3.495173514011373328e+01 4.110161950638717343e+01
3.499531461002485599e+01 4.110212863748982670e+01
3.504193907013066678e+01 4.110139395737066081e+01
3.507977094706193100e+01 4.110518334121992012e+01
3.511748834428702537e+01 4.110425245871857669e+01
3.521084718214347475e+01 4.110034666136277082e+01
3.530949218380278154e+01 4.109347287197006438e+01
3.537198987321021804e+01 4.108430670054234213e+01
3.543381191192135304e+01 4.107259250957384467e+01
3.555719884575811562e+01 4.104411700412666875e+01
3.567323589978681753e+01 4.101493866092722840e+01
3.580170549531859336e+01 4.097740465000715915e+01
3.591359836884627299e+01 4.094715337819427248e+01
3.607245862138556447e+01 4.089287499975951334e+01
3.624927698942930476e+01 4.082810022612441969e+01
3.647168134298432562e+01 4.074861249098192673e+01
3.667612758103489057e+01 4.068160166561318647e+01
3.679207250471635859e+01 4.064726240632862897e+01
3.683396362006491387e+01 4.061547061455018337e+01
3.685205498357353093e+01 4.058963999253872856e+01
3.689712535641869806e+01 4.053881361975574293e+01
3.691198167365134708e+01 4.051246442192871200e+01
3.693179009662821954e+01 4.049295249973223321e+01
3.696450802603483510e+01 4.048407689820592026e+01
3.702322711523203935e+01 4.046799774400416538e+01
3.710818413882595479e+01 4.044430222320924173e+01
3.714183101754819916e+01 4.043254738419184946e+01
3.718871601248903858e+01 4.042456971582191017e+01
3.722346606756283194e+01 4.041617114786830456e+01
3.726262882804283549e+01 4.040651149855970203e+01
3.731006541115943520e+01 4.039559022540761646e+01
3.735364087704562763e+01 4.038550747767288129e+01
3.740162904833801605e+01 4.037206146588658839e+01
3.743748227976336551e+01 4.036155490205590013e+01
3.753180385782081174e+01 4.033885513510126231e+01
3.761288731965967713e+01 4.032077393066610682e+01
3.769286760514699353e+01 4.030226721892698549e+01
3.775464548083373018e+01 4.028796310460534613e+01
3.784234800078189664e+01 4.026355498040457093e+01
3.790302270011710561e+01 4.024882167764425134e+01
3.794328863694865106e+01 4.023366407674835443e+01
3.799293157276835586e+01 4.022692627596060788e+01
3.802988798054524722e+01 4.021766070542876292e+01
3.807897932818918463e+01 4.019954706783467913e+01
3.813082861671199453e+01 4.018016432927703363e+01
3.818709061064100041e+01 4.016541288295156420e+01
3.827920583599536286e+01 4.013632206937618463e+01
3.833988053533055762e+01 4.011312481596213075e+01
3.840055523466575238e+01 4.009624911471478015e+01
3.845295611136435099e+01 4.008232350986318693e+01
3.848936093096547495e+01 4.006966139691041207e+01
3.853073004414856939e+01 4.005657474023743703e+01
3.855113880665221870e+01 4.005024158459811190e+01
3.859140474348375704e+01 4.003799581499723814e+01
3.863773815024882907e+01 4.002152389829878132e+01
3.867910726343192351e+01 4.001560993234272701e+01
3.870613508404488812e+01 4.000969545384817394e+01
3.874419466817332847e+01 4.000293542228020272e+01
3.878501219318064130e+01 3.999490701537829551e+01
3.882141701278175816e+01 3.998349660293083474e+01
3.886388930231640870e+01 3.997377511862859478e+01
3.891132588543300841e+01 3.996362948662166303e+01
3.895379817496765185e+01 3.995475082342468198e+01
3.899461569997497179e+01 3.994756248984187863e+01
3.904370704761890920e+01 3.993952757600535364e+01
3.908893727803242513e+01 3.993318355646481876e+01
3.913968339020368603e+01 3.992599295673825566e+01
3.915457627094959037e+01 3.992133981325118697e+01
3.919925491318733890e+01 3.991203257759829626e+01
3.923179861555804138e+01 3.990526288449019887e+01
3.924172720272196813e+01 3.989341431183551379e+01
3.926048120069831526e+01 3.988029385966426332e+01
3.928585425678393506e+01 3.987267438034250944e+01
3.931453684192421605e+01 3.986293714712027025e+01
3.934818372064646752e+01 3.984261151313349103e+01
3.939065601018111096e+01 3.982355076529299964e+01
3.943037035883688901e+01 3.980575596210888989e+01
3.946898153114109675e+01 3.979219492471663244e+01
3.950207682168755952e+01 3.977820730425897722e+01
3.953682687676136709e+01 3.976336884203256261e+01
3.957047375548361856e+01 3.974555846565338868e+01
3.960412063420586293e+01 3.972647080940851083e+01
3.964824768826782986e+01 3.970016360284019896e+01
3.967196597982613326e+01 3.968573281094694494e+01
3.970120015314218875e+01 3.967214813350015845e+01
3.974939212665169208e+01 3.965011751604374979e+01
3.978590002975090556e+01 3.962921245295665784e+01
3.983504528392291633e+01 3.961226750857754553e+01
3.988091418781679209e+01 3.959603973810309441e+01
3.990618888996238667e+01 3.958882617504844603e+01
3.996750344516747333e+01 3.957295369250511641e+01
4.000775574858455030e+01 3.956429444264693274e+01
4.006251760323336697e+01 3.955094264710961482e+01
4.010089770649150864e+01 3.954625086557838642e+01
4.015004296066352651e+01 3.953794924416970957e+01
4.017438156272966410e+01 3.953181262490767978e+01
4.019169941419978898e+01 3.952459237833404870e+01
4.022212266678246806e+01 3.951664923995735279e+01
4.025582226964327504e+01 3.950726072345802464e+01
4.030871192413316351e+01 3.949462033247696269e+01
4.036006672424881714e+01 3.948776870881491163e+01
4.042408792323736577e+01 3.947312745721090010e+01
4.048336681118973246e+01 3.945253298301084754e+01
4.054620243241922850e+01 3.942735368372786553e+01
4.057287793199779458e+01 3.941361568429285001e+01
4.060429574261254260e+01 3.940216528313561639e+01
4.063037845331158593e+01 3.939346172083097031e+01
4.065974945393324447e+01 3.938762683093854378e+01
4.069194946563779069e+01 3.938608789429451207e+01
4.071386713254574374e+01 3.938557969560829264e+01
4.072789443936682829e+01 3.938490209160334388e+01
4.074608610290041355e+01 3.938524089442818621e+01
4.075879834970702831e+01 3.938845943923162451e+01
4.078348108996143395e+01 3.938934341778973192e+01
4.080463151228595819e+01 3.939028645784354410e+01
4.082212128459276812e+01 3.939091514413218675e+01
4.083534029854559577e+01 3.938981493940976719e+01
4.085323680974325100e+01 3.938965776589044765e+01
4.086604908480523335e+01 3.938965776589044765e+01
4.087438723206778235e+01 3.938792883381225352e+01
4.089818145718285791e+01 3.938164144697354629e+01
4.091933187950738215e+01 3.937566790483693779e+01
4.093397447957818969e+01 3.937142323532025756e+01
4.095817544358413897e+01 3.936576327454971391e+01
4.097383489088209529e+01 3.936214694833297756e+01
4.098563031871693596e+01 3.935853043487152547e+01
4.099800030942306961e+01 3.935428426439118255e+01
4.101798724828995546e+01 3.934770748846720068e+01
4.103117012286173093e+01 3.934244562204151663e+01
4.105158231574705496e+01 3.933652554879028429e+01
4.107327027068771486e+01 3.933093390814650547e+01
4.109836025777592994e+01 3.932534182032250669e+01
4.111154313234770541e+01 3.932336803550404625e+01
4.113493210336214645e+01 3.931580134436398311e+01
4.114258667569414740e+01 3.931218220275570019e+01
4.114598870784170259e+01 3.930724670796353593e+01
4.114649628180627872e+01 3.930614308167628934e+01
4.143649220326418714e+01 3.922847294756866887e+01
4.199767349992328036e+01 3.912396820289438182e+01
4.267328561964414035e+01 3.898032531689685243e+01
4.347080158682064166e+01 3.875609763804462915e+01
4.362889597636513628e+01 3.865684664189051745e+01
4.389723265035584632e+01 3.830485834143534163e+01
4.399151310337960297e+01 3.792827519334039721e+01
4.399876544591989358e+01 3.754975331883272816e+01
4.404953184370190655e+01 3.723284221986996556e+01
4.406245163880713989e+01 3.707062551114695736e+01
4.414740712747170193e+01 3.687935349824908826e+01
4.435979584913307150e+01 3.656053395032093789e+01
