2.973077584797185580e+01 3.542694764442818212e+01
2.996495850203081801e+01 3.534393754962565026e+01
3.026277774686666788e+01 3.524213383736254457e+01
3.050313617921269227e+01 3.518715393138698033e+01
3.068440843747340097e+01 3.516435856222690859e+01
3.093592459952911256e+01 3.506568051834878474e+01
3.110875331225109264e+01 3.499175044988977135e+01
3.125320716169036572e+01 3.485215766786868841e+01
3.147504700190066984e+01 3.471656840486624418e+01
3.177427283288200499e+01 3.457863263278682808e+01
3.211993025832597226e+01 3.443621271883053936e+01
3.242173562233301709e+01 3.436597619790584446e+01
3.287573343485643562e+01 3.430633535998993011e+01
3.316464113373496758e+01 3.430420454586845835e+01
3.343807163445929831e+01 3.429781177910982848e+01
3.379954279986709054e+01 3.431364870758430641e+01
3.406323129278781892e+01 3.432597594631724292e+01
3.442603278330286543e+01 3.437662188426148901e+01
3.479490600597813454e+01 3.444046758250576801e+01
3.503996164341975117e+01 3.451489261272588749e+01
3.526954008270716656e+01 3.464020156042435872e+01
3.538303953583800876e+01 3.474836713244288688e+01
3.550685712107167546e+01 3.490083059053257131e+01
3.564714233970113355e+01 3.513262766562894512e+01
3.564714233970113355e+01 3.513262766562894512e+01
3.568775814285407932e+01 3.523491069510089346e+01
3.572390123805656259e+01 3.535559029966917421e+01
3.577975874882405094e+01 3.555364954661635579e+01
3.587833082664901241e+01 3.578321316608454339e+01
3.600014064999999874e+01 3.596958042000000688e+01
3.611612349999999338e+01 3.608864679999999225e+01
3.616913112999998958e+01 3.620004411999999405e+01
3.624313896000000312e+01 3.628687750999998940e+01
3.630671661882303169e+01 3.639674799729578325e+01
3.630671661882303169e+01 3.639674799729578325e+01
3.634001652682054839e+01 3.646283642939887670e+01
3.638016111594736657e+01 3.655643351550703102e+01
3.639186256682783238e+01 3.660247700140037352e+01
3.640356401770832662e+01 3.662501889296154900e+01
3.642462662929319350e+01 3.665694195725944127e+01
3.645622054667050804e+01 3.669729629550288763e+01
3.648781446404780127e+01 3.675263174497867880e+01
3.651265064171714414e+01 3.679304120489720020e+01
3.654342648340244182e+01 3.685390568914785092e+01
3.655790923243082347e+01 3.689879841519362458e+01
3.656877129420211503e+01 3.695668551233642063e+01
3.658325404323048957e+01 3.700874630739242122e+01
3.660316782314451700e+01 3.705788211768378204e+01
3.663032297757271749e+01 3.708677068208830718e+01
3.666805858642286609e+01 3.712868766314614533e+01
3.670309879464087999e+01 3.716521174036542163e+01
3.673274820159458187e+01 3.720708528084838917e+01
3.675835450760003908e+01 3.723713401533277079e+01
3.678261311328943606e+01 3.727360566753265658e+01
3.682843492403604557e+01 3.733149493168136956e+01
3.686482283257012682e+01 3.737113406588829889e+01
3.689986304078813362e+01 3.740647022686786016e+01
3.693759864963828932e+01 3.743001841341254732e+01
3.697129115754022166e+01 3.744820966750614843e+01
3.701306986733860782e+01 3.746639649913377923e+01
3.704406697460839126e+01 3.748137056867587091e+01
3.707641178219424205e+01 3.749206449576852407e+01
3.711819049199262111e+01 3.750703342175945920e+01
3.717479390526786887e+01 3.752306822657470065e+01
3.722735421759487906e+01 3.754444260655282761e+01
3.728934843213441752e+01 3.756901556947426712e+01
3.735134264667396309e+01 3.759785175007575475e+01
3.739581675710451236e+01 3.762454195675574908e+01
3.744163856785112188e+01 3.765015554246301832e+01
3.748206957733344780e+01 3.767896027062355557e+01
3.751306668460321703e+01 3.770455508824782243e+01
3.754675919250514937e+01 3.772481138632299036e+01
3.758314710103923062e+01 3.774825912802790384e+01
3.761144880767684384e+01 3.776850347356354831e+01
3.765187981715914844e+01 3.780152182648937043e+01
3.770578782980224020e+01 3.783239660657766024e+01
3.776104354276139929e+01 3.785261790835900797e+01
3.781495155540449105e+01 3.787176981642685547e+01
3.788503197184048332e+01 3.789091674719443148e+01
3.793624458385142617e+01 3.790793206205330534e+01
3.801845430313213114e+01 3.793451061573551897e+01
3.808988241988420498e+01 3.795364122611382385e+01
3.815457203505592076e+01 3.797701631898168273e+01
3.820578464706684230e+01 3.799932196526210504e+01
3.823947715496877464e+01 3.802055913243113849e+01
3.827990816445108635e+01 3.803435999170077508e+01
3.833651157772631279e+01 3.805240334625353427e+01
3.838098568815686917e+01 3.805452580152083186e+01
3.843624140111603538e+01 3.805664819524163534e+01
3.847262930965010241e+01 3.806089279803919823e+01
3.850093101628772985e+01 3.807256418623898497e+01
3.857101143272372923e+01 3.810968803235579117e+01
3.862462587155417282e+01 3.813048887062917203e+01
3.868631919842757583e+01 3.814377519267805638e+01
3.871275919565903934e+01 3.815763660169277927e+01
3.872891697174492975e+01 3.817380491594101954e+01
3.883908362687599691e+01 3.823844230608862205e+01
3.893456139465626364e+01 3.829034146511354919e+01
3.900506805394014265e+01 3.832319175101105202e+01
3.905861838861164870e+01 3.834335335619550023e+01
3.915942433329993833e+01 3.837694726324385641e+01
3.922874020230802472e+01 3.840862333309299714e+01
3.930660101254483862e+01 3.844171967720700422e+01
3.940829082181746656e+01 3.848540596186760609e+01
3.950277394029574651e+01 3.852332332850596686e+01
3.962217837378811680e+01 3.855892960111213341e+01
3.967387189258013791e+01 3.857827975100490647e+01
3.974662436479763272e+01 3.860184559944055138e+01
3.978922716384390412e+01 3.861516200514431318e+01
3.981675512630459224e+01 3.862898796434221538e+01
3.983569128524030134e+01 3.864484101643265035e+01
3.987508818961411095e+01 3.866277353105154901e+01
3.993604296363418626e+01 3.869040441737352154e+01
4.000102292815279981e+01 3.871989382192016649e+01
4.003575039546247893e+01 3.873666484400468590e+01
4.008039999628920214e+01 3.874698351610206970e+01
4.012504959711591113e+01 3.875859023987695196e+01
4.016639182010362674e+01 3.875987975935250773e+01
4.021434879876936463e+01 3.875601113102457163e+01
4.025238364391805135e+01 3.874827324527380057e+01
4.030860906718132952e+01 3.873795475955722623e+01
4.036814186828362949e+01 3.873408494301015992e+01
4.044586524750052092e+01 3.874182436643323513e+01
4.049382222616625171e+01 3.876116925552732795e+01
4.051532018211986497e+01 3.877664139208299332e+01
4.054605296440988127e+01 3.880964354075268119e+01
4.057981404998068342e+01 3.885137607163746765e+01
4.060296569485380047e+01 3.889000116464121959e+01
4.064743951011855927e+01 3.894395114060424845e+01
4.068381053767701161e+01 3.899057273046447136e+01
4.070150455108381493e+01 3.900890723907544100e+01
4.073984158013192314e+01 3.903334585956562108e+01
4.077031460322144341e+01 3.905014251060210739e+01
4.079685562333167326e+01 3.907151429051921809e+01
4.083420965163492866e+01 3.910813657429803669e+01
4.086468267472445604e+01 3.913635327102665684e+01
4.093113907619410696e+01 3.918077427070685559e+01
4.097291657092229400e+01 3.921609349960638724e+01
4.101306637105069086e+01 3.924047022255903983e+01
4.103693922518107939e+01 3.925811704629327181e+01
4.106461003337767579e+01 3.927365937837922161e+01
4.107925928477587973e+01 3.928163923650657097e+01
4.110041931457327280e+01 3.929339737062961291e+01
4.112103677950405256e+01 3.930179482917139921e+01
4.114599476336766060e+01 3.930725263705821249e+01
4.114598870784170259e+01 3.930724670796353593e+01
4.114258667569414740e+01 3.931218220275570019e+01
4.113493210336214645e+01 3.931580134436398311e+01
4.111154313234770541e+01 3.932336803550404625e+01
4.109836025777592994e+01 3.932534182032250669e+01
4.107327027068771486e+01 3.933093390814650547e+01
4.105158231574705496e+01 3.933652554879028429e+01
4.103117012286173093e+01 3.934244562204151663e+01
4.101798724828995546e+01 3.934770748846720068e+01
4.099800030942306961e+01 3.935428426439118255e+01
4.098563031871693596e+01 3.935853043487152547e+01
4.097383489088209529e+01 3.936214694833297756e+01
4.095817544358413897e+01 3.936576327454971391e+01
4.093397447957818969e+01 3.937142323532025756e+01
4.091933187950738215e+01 3.937566790483693779e+01
4.089818145718285791e+01 3.938164144697354629e+01
4.087438723206778235e+01 3.938792883381225352e+01
4.086604908480523335e+01 3.938965776589044765e+01
4.085323680974325100e+01 3.938965776589044765e+01
4.083534029854559577e+01 3.938981493940976719e+01
4.082212128459276812e+01 3.939091514413218675e+01
4.080463151228595819e+01 3.939028645784354410e+01
4.078348108996143395e+01 3.938934341778973192e+01
4.075879834970702831e+01 3.938845943923162451e+01
4.074608610290041355e+01 3.938524089442818621e+01
4.072789443936682829e+01 3.938490209160334388e+01
4.071386713254574374e+01 3.938557969560829264e+01
4.069194946563779069e+01 3.938608789429451207e+01
4.065974945393324447e+01 3.938762683093854378e+01
4.063037845331158593e+01 3.939346172083097031e+01
4.060429574261254260e+01 3.940216528313561639e+01
4.057287793199779458e+01 3.941361568429285001e+01
4.054620243241922850e+01 3.942735368372786553e+01
4.048336681118973246e+01 3.945253298301084754e+01
4.042408792323736577e+01 3.947312745721090010e+01
4.036006672424881714e+01 3.948776870881491163e+01
4.030871192413316351e+01 3.949462033247696269e+01
4.025582226964327504e+01 3.950726072345802464e+01
4.022212266678246806e+01 3.951664923995735279e+01
4.019169941419978898e+01 3.952459237833404870e+01
4.017438156272966410e+01 3.953181262490767978e+01
4.015004296066352651e+01 3.953794924416970957e+01
4.010089770649150864e+01 3.954625086557838642e+01
4.006251760323336697e+01 3.955094264710961482e+01
4.000775574858455030e+01 3.956429444264693274e+01
3.996750344516747333e+01 3.957295369250511641e+01
3.990618888996238667e+01 3.958882617504844603e+01
3.988091418781679209e+01 3.959603973810309441e+01
3.983504528392291633e+01 3.961226750857754553e+01
3.978590002975090556e+01 3.962921245295665784e+01
3.974939212665169208e+01 3.965011751604374979e+01
3.970120015314218875e+01 3.967214813350015845e+01
3.967196597982613326e+01 3.968573281094694494e+01
3.964824768826782986e+01 3.970016360284019896e+01
3.960412063420586293e+01 3.972647080940851083e+01
3.957047375548361856e+01 3.974555846565338868e+01
3.953682687676136709e+01 3.976336884203256261e+01
3.950207682168755952e+01 3.977820730425897722e+01
3.946898153114109675e+01 3.979219492471663244e+01
3.943037035883688901e+01 3.980575596210888989e+01
3.939065601018111096e+01 3.982355076529299964e+01
3.934818372064646752e+01 3.984261151313349103e+01
3.931453684192421605e+01 3.986293714712027025e+01
3.928585425678393506e+01 3.987267438034250944e+01
3.926048120069831526e+01 3.988029385966426332e+01
3.924172720272196813e+01 3.989341431183551379e+01
3.923179861555804138e+01 3.990526288449019887e+01
3.919925491318733890e+01 3.991203257759829626e+01
3.915457627094959037e+01 3.992133981325118697e+01
3.913968339020368603e+01 3.992599295673825566e+01
3.908893727803242513e+01 3.993318355646481876e+01
3.904370704761890920e+01 3.993952757600535364e+01
3.899461569997497179e+01 3.994756248984187863e+01
3.895379817496765185e+01 3.995475082342468198e+01
3.891132588543300841e+01 3.996362948662166303e+01
3.886388930231640870e+01 3.997377511862859478e+01
3.882141701278175816e+01 3.998349660293083474e+01
3.878501219318064130e+01 3.999490701537829551e+01
3.874419466817332847e+01 4.000293542228020272e+01
3.870613508404488812e+01 4.000969545384817394e+01
3.867910726343192351e+01 4.001560993234272701e+01
3.863773815024882907e+01 4.002152389829878132e+01
3.859140474348375704e+01 4.003799581499723814e+01
3.855113880665221870e+01 4.005024158459811190e+01
3.853073004414856939e+01 4.005657474023743703e+01
3.848936093096547495e+01 4.006966139691041207e+01
3.845295611136435099e+01 4.008232350986318693e+01
3.840055523466575238e+01 4.009624911471478015e+01
3.833988053533055762e+01 4.011312481596213075e+01
3.827920583599536286e+01 4.013632206937618463e+01
3.818709061064100041e+01 4.016541288295156420e+01
3.813082861671199453e+01 4.018016432927703363e+01
3.807897932818918463e+01 4.019954706783467913e+01
3.802988798054524722e+01 4.021766070542876292e+01
3.799293157276835586e+01 4.022692627596060788e+01
3.794328863694865106e+01 4.023366407674835443e+01
3.790302270011710561e+01 4.024882167764425134e+01
3.784234800078189664e+01 4.026355498040457093e+01
3.775464548083373018e+01 4.028796310460534613e+01
3.769286760514699353e+01 4.030226721892698549e+01
3.761288731965967713e+01 4.032077393066610682e+01
3.753180385782081174e+01 4.033885513510126231e+01
3.743748227976336551e+01 4.036155490205590013e+01
3.740162904833801605e+01 4.037206146588658839e+01
3.735364087704562763e+01 4.038550747767288129e+01
3.731006541115943520e+01 4.039559022540761646e+01
3.726262882804283549e+01 4.040651149855970203e+01
3.722346606756283194e+01 4.041617114786830456e+01
3.718871601248903858e+01 4.042456971582191017e+01
3.714183101754819916e+01 4.043254738419184946e+01
3.710818413882595479e+01 4.044430222320924173e+01
3.702322711523203935e+01 4.046799774400416538e+01
3.696450802603483510e+01 4.048407689820592026e+01
3.693179009662821954e+01 4.049295249973223321e+01
3.691198167365134708e+01 4.051246442192871200e+01
3.689712535641869806e+01 4.053881361975574293e+01
3.685205498357353093e+01 4.058963999253872856e+01
3.683396362006491387e+01 4.061547061455018337e+01
3.679207250471635859e+01 4.064726240632862897e+01
3.667612758103489057e+01 4.068160166561318647e+01
3.647168134298432562e+01 4.074861249098192673e+01
3.624927698942930476e+01 4.082810022612441969e+01
3.607245862138556447e+01 4.089287499975951334e+01
3.591359836884627299e+01 4.094715337819427248e+01
3.580170549531859336e+01 4.097740465000715915e+01
3.567323589978681753e+01 4.101493866092722840e+01
3.555719884575811562e+01 4.104411700412666875e+01
3.543381191192135304e+01 4.107259250957384467e+01
3.537198987321021804e+01 4.108430670054234213e+01
3.530949218380278154e+01 4.109347287197006438e+01
3.521084718214347475e+01 4.110034666136277082e+01
3.511748834428702537e+01 4.110425245871857669e+01
3.507977094706193100e+01 4.110518334121992012e+01
3.504193907013066678e+01 4.110139395737066081e+01
3.499531461002485599e+01 4.110212863748982670e+01
3.495173514011373328e+01 4.110161950638717343e+01
3.492572258830630716e+01 4.110645609250416754e+01
3.489689275259478052e+01 4.110868017150056630e+01
3.475184643505890847e+01 4.111076179847452750e+01
3.459298618251961699e+01 4.111596557716887190e+01
3.447142355448954021e+01 4.111492485442925471e+01
3.439044491468072806e+01 4.110944702497145187e+01
3.433466559795571271e+01 4.111076179847452750e+01
3.428633956264160787e+01 4.111036264540354068e+01
3.423813513893478699e+01 4.111402499944209410e+01
3.419100067392017905e+01 4.110972099323720386e+01
3.410243361001220563e+01 4.110334256244461670e+01
3.401832648637746814e+01 4.109306586559098662e+01
3.394283240883162023e+01 4.108349914009868087e+01
3.386775459484021411e+01 4.106911672033964322e+01
3.373057091284526621e+01 4.103157262375982128e+01
3.361431318508174826e+01 4.100712243313005700e+01
3.358757795848804051e+01 4.099825699772306820e+01
3.354058877235366509e+01 4.099030766245202528e+01
3.347543884074318044e+01 4.097844754999232464e+01
3.332072276870491123e+01 4.096384544975860820e+01
3.320882989517723161e+01 4.095341339963688654e+01
3.313285325265844250e+01 4.094402314490757533e+01
3.304963279308748980e+01 4.092667847633911293e+01
3.297550330116859385e+01 4.091872051564875790e+01
3.290623475953945132e+01 4.091290447687827481e+01
3.283534590114707186e+01 4.090096468897072413e+01
3.278187544795966346e+01 4.089545329053838429e+01
3.272718975719981671e+01 4.088626660605230967e+01
3.265994661152475231e+01 4.087401570932048145e+01
3.259756441613944133e+01 4.086666408292251162e+01
3.254125840861635055e+01 4.085624788163548970e+01
3.243391242305072097e+01 4.083510408500183075e+01
3.237274546523786256e+01 4.082805465373606069e+01
3.231368690695580881e+01 4.081764674995947928e+01
3.215897083491754671e+01 4.079464330316049114e+01
3.199278118425464612e+01 4.076856441414491883e+01
3.191014502932865327e+01 4.075107519049335281e+01
3.182605500133518817e+01 4.073500637597327056e+01
3.164785523979111304e+01 4.069836069497429776e+01
3.151800425075898815e+01 4.067845887837932395e+01
3.142959506673712511e+01 4.065331124654475303e+01
3.130502425416629109e+01 4.062340993429916836e+01
3.122514882868654951e+01 4.060403633639032961e+01
3.114056134436583889e+01 4.059205360918505079e+01
3.106184996203980830e+01 4.058108219321487553e+01
3.097511660512470755e+01 4.057151596670292548e+01
3.088394463410215351e+01 4.057046665923989082e+01
3.078862848257857721e+01 4.057151596670292548e+01
3.069331233105499734e+01 4.058935167603049621e+01
3.061733568853620824e+01 4.061347477191630162e+01
3.051787535651160255e+01 4.062815413300803158e+01
3.041150805698529069e+01 4.064073387490955014e+01
3.034105698846786936e+01 4.064597473448656473e+01
3.029408960945625040e+01 4.066693405751840373e+01
3.024574083694428239e+01 4.069521869802975544e+01
3.016700140742481651e+01 4.071511550923736422e+01
3.008688058440499802e+01 4.072035052421129109e+01
2.989762967485818379e+01 4.072349133559075796e+01
2.979955073633392004e+01 4.072663199876356543e+01
2.969732761730863402e+01 4.073709980559350186e+01
2.963378351629291174e+01 4.073500637597328478e+01
2.950945810126216529e+01 4.072453823978254661e+01
2.938098850573039300e+01 4.072872569187386205e+01
2.928290956720612570e+01 4.072558512750685367e+01
2.918897480918289133e+01 4.073500637597328478e+01
2.908537029665726692e+01 4.077581637072931642e+01
2.899696111263539677e+01 4.081137387343295586e+01
2.892236586361694251e+01 4.085004716291708604e+01
2.887677987810567259e+01 4.087303139774244443e+01
2.878008233308175434e+01 4.088034289068185956e+01
2.863365462204552614e+01 4.087303139774244443e+01
2.851899896151715907e+01 4.086571909727763341e+01
2.830902714946522281e+01 4.084691233112447861e+01
2.814740410992524389e+01 4.082287369399068666e+01
2.808662279591021260e+01 4.081032833634908741e+01
2.805208795840166403e+01 4.080510040380904968e+01
2.801479033389244222e+01 4.080510040380904968e+01
2.786559983585553368e+01 4.081241939404186780e+01
2.769706982881385215e+01 4.081241939404186780e+01
2.756307465928070854e+01 4.079568908735759436e+01
2.745947014675508413e+01 4.079150585172849475e+01
2.734895866672774645e+01 4.075384487101916875e+01
2.721754139044202248e+01 4.071763451816341473e+01
2.699225463109505796e+01 4.065680855372178826e+01
2.686595750843085639e+01 4.061018091089561466e+01
2.669016556742527158e+01 4.055703755216021023e+01
2.647170567957367382e+01 4.048697944313624220e+01
2.630956748155881897e+01 4.045062419395924280e+01
2.610219763527588555e+01 4.039511073000070240e+01
2.588115505187539966e+01 4.034823561496322952e+01
2.541649999999999920e+01 4.015639999999999787e+01
2.541649999999999920e+01 4.015639999999999787e+01
2.541649999999999920e+01 4.015639999999999787e+01
2.586049999999999827e+01 3.970779999999999887e+01
2.625619999999999976e+01 3.952859999999999729e+01
2.661009999999999920e+01 3.929800000000000182e+01
2.713800000000000168e+01 3.887639999999999674e+01
2.767190000000000083e+01 3.849909999999999854e+01
2.795380000000000109e+01 3.822749999999999915e+01
2.819979999999999976e+01 3.796450000000000102e+01
2.827799999999999869e+01 3.775699999999999790e+01
2.825430000000000064e+01 3.752049999999999841e+01
2.825450000000000017e+01 3.726890000000000214e+01
2.841069999999999851e+01 3.698329999999999984e+01
2.878879999999999839e+01 3.636070000000000135e+01
2.913690000000000069e+01 3.597030000000000172e+01
2.938879999999999981e+01 3.572840000000000060e+01
2.973089999999999833e+01 3.542730000000000246e+01
2.973089999999999833e+01 3.542730000000000246e+01
