# Name lon lat v_east v_north v_up e_east e_north e_up 
AGRD_GPS_castroperdomo 43.033 39.718 -1.062913991471497 4.562778312020846 nan 0.42 0.47 nan 
ARDH_GPS_2_castroperdomo 42.699 41.111 -0.7096062491542945 -0.8991405926221017 nan 0.27 0.3 nan 
ARTI_GPS_castroperdomo 43.954 40.609 0.3355676120650948 3.81540353174365 nan 0.54 0.58 nan 
BALA_GPS_castroperdomo 44.75 37.534 -5.857060141638769 11.727402481012426 nan 0.69 0.69 nan 
BEUG_GPS_castroperdomo 42.787 44.011 -0.3069356304043396 -2.673950920744625 nan 0.76 0.76 nan 
BORC_GPS_castroperdomo 41.777 41.268 -0.9838228417958916 0.44325321048768984 nan 0.44 0.44 nan 
BRBS_GPS_castroperdomo 56.3206 27.2072 -2.088813152766477 15.91672622060723 nan 0.28 0.29 nan 
GHOT_GPS_castroperdomo 44.428 38.489 -3.063879969967836 8.412445475564542 nan 1.48 1.31 nan 
ISBA_GPS_castroperdomo 44.4384 33.3414 -6.140662946372295 13.731952619508103 nan 0.34 0.4 nan 
ISER_GPS_castroperdomo 44.011 36.16 -6.418827377217436 13.942591514844832 nan 0.51 0.5 nan 
ISNA_GPS_castroperdomo 44.353 32.013 -5.968982897197051 13.556013545951561 nan 0.43 0.34 nan 
ISSD_GPS_castroperdomo 43.673 34.601 -5.60636980594726 15.699470843357776 nan 0.64 0.65 nan 
KARS_GPS_castroperdomo 43.17 40.685 0.19800052490353082 1.9555003278862753 nan 0.52 0.49 nan 
KHAS_GPS_castroperdomo 56.233 26.208 -4.229656255215552 17.536343430692277 nan 1.36 1.02 nan 
KIZ0_GPS_castroperdomo 44.19 41.185 0.6745520114212482 0.7638518341814216 nan 0.62 0.62 nan 
KOKU_GPS_castroperdomo 41.793 38.753 -7.066402630440667 9.572312981375376 nan 0.49 0.48 nan 
KRYZ_GPS_castroperdomo 42.149 39.714 -3.2160764530983563 5.131675963133096 nan 0.86 0.77 nan 
MKLA_GPS_castroperdomo 49.038 14.486 1.428301044928709 16.23994378567034 nan 0.56 0.54 nan 
MRQD_GPS_castroperdomo 40.761 35.754 -7.180731485544296 12.495194607926583 nan 0.46 0.47 nan 
OSL2_GPS_castroperdomo 52.607 27.474 -7.155530169591554 16.75008088232653 nan 1.76 1.66 nan 
POLD_GPS_castroperdomo 45.0615 39.3514 3.0160558744975887 5.4732762833749575 nan 0.2 0.22 nan 
SOLH_GPS_castroperdomo 41.057 38.959 -7.776183699547804 10.576694511129203 nan 0.69 0.7 nan 
ZARI_GPS_castroperdomo 44.5498 38.4458 -2.08244487698688 8.756702655930942 nan 0.38 0.4 nan 
ANTL_GPS_castroperdomo 30.666 36.888 -15.421724663340688 -6.054601931931171 nan 0.18 0.23 nan 
BAND_GPS_castroperdomo 27.997 40.331 -19.98127160730571 -5.280567001839789 nan 0.21 0.33 nan 
DEIR_GPS_castroperdomo 28.648 39.035 -24.47979755438649 -7.394875751773663 nan 0.15 0.18 nan 
DUTH_GPS_castroperdomo 24.917 41.14 -0.49546048398911324 -1.326727533979188 nan 0.31 0.38 nan 
FETH_GPS_castroperdomo 29.124 36.626 -16.730859677424426 -15.68815598561314 nan 0.22 0.31 nan 
HARC_GPS_castroperdomo 29.153 39.678 -23.539783956702493 -3.911373205673682 nan 0.3 0.21 nan 
ISTA_GPS_castroperdomo 29.019 41.104 -1.2325913457521516 -1.3564796885683297 nan 0.31 0.32 nan 
KOM1_GPS_castroperdomo 25.396 41.122 -0.5438193482618985 -1.1972566993276708 nan 0.35 0.41 nan 
LOVE_GPS_castroperdomo 24.708 43.137 0.6329230591898565 0.02995573779737626 nan 0.19 0.19 nan 
ORES_GPS_castroperdomo 26.546 41.414 -0.36263132702103107 -0.5590006624608268 nan 0.18 0.24 nan 
ROZH_GPS_castroperdomo 24.741 41.696 -0.2174532417554964 -1.0442684063848766 nan 0.2 0.2 nan 
SALH_GPS_castroperdomo 28.124 38.483 -25.72960591513767 -10.535193734958575 nan 0.31 0.27 nan 
SVI1_GPS_castroperdomo 26.213 41.759 -1.0171617923557008 -0.6384781772470678 nan 0.4 0.5 nan 
YENC_GPS_castroperdomo 27.242 39.936 -20.020777601943276 -8.572314955872194 nan 0.16 0.2 nan 
YSST_GPS_castroperdomo 28.991 40.866 -3.7643675180223717 0.13664132980457389 nan 0.21 0.31 nan 
ROM0_GPS_castroperdomo 35.3133 29.7041 -5.421050185604518 9.75166620519779 nan 1.05 1.01 nan 
QUL0_GPS_castroperdomo 35.5136 30.308 -5.765136931616567 9.644526446896739 nan 0.99 0.96 nan 
MAP0_GPS_castroperdomo 34.9646 30.3207 -8.064299989496092 7.881899817217887 nan 0.99 0.96 nan 
AYN0_GPS_castroperdomo 35.7816 30.9588 -6.785178011980435 10.50185310722575 nan 1.04 1.01 nan 
MUTA_GPS_castroperdomo 35.7178 31.0947 -7.480050529392351 9.32722375178925 nan 0.52 0.5 nan 
AV07_GPS_castroperdomo 34.9998 29.6479 -6.097464169652561 7.828825087589696 nan 0.21 0.2 nan 
AV03_GPS_castroperdomo 34.9929 29.6791 -6.073815815403744 7.529427402078454 nan 0.24 0.23 nan 
AV01_GPS_castroperdomo 34.9737 29.6875 -7.028111208927626 8.39110444030522 nan 0.29 0.28 nan 
IJ09_GPS_castroperdomo 35.6038 31.7512 -6.956395343912 9.406862160245481 nan 0.69 0.74 nan 
DS03_GPS_castroperdomo 35.5152 31.7983 -6.125109869939649 8.064390201859009 nan 0.2 0.21 nan 
VRDJ_GPS_castroperdomo 35.4382 31.8228 -7.054958132707622 7.570958996882872 nan 0.42 0.45 nan 
ALUM_GPS_castroperdomo 35.5457 32.7077 -8.004294660189906 7.411795055315125 nan 0.2 0.2 nan 
TK02_GPS_castroperdomo 35.6406 32.7084 -6.966144258588539 9.45374493505269 nan 0.32 0.34 nan 
KN10_GPS_castroperdomo 35.6367 32.9743 -7.028906815571524 8.564075027667288 nan 0.23 0.24 nan 
KN11_GPS_castroperdomo 35.6485 32.9808 -7.137568209543197 8.693076478812515 nan 0.25 0.25 nan 
NVRF_GPS_castroperdomo 35.0401 30.035 -6.782247333816933 7.215311142280484 nan 0.24 0.22 nan 
ZIHA_GPS_castroperdomo 35.0152 30.2195 -6.752562436589624 6.827481499256981 nan 0.22 0.22 nan 
ZHOR_GPS_castroperdomo 34.9514 30.2474 -6.85334055004083 6.683054157269499 nan 0.24 0.24 nan 
MNHA_GPS_castroperdomo 35.1039 30.2912 -7.173222507102391 7.219761814144077 nan 0.22 0.22 nan 
HDAV_GPS_castroperdomo 34.941 30.5236 -7.396473382974854 6.473964142986292 nan 0.23 0.23 nan 
ACRA_GPS_castroperdomo 34.6806 30.5719 -8.024938570728768 5.896893979787027 nan 0.23 0.23 nan 
KATN_GPS_castroperdomo 35.1498 30.9345 -7.238477848585617 6.095779812905677 nan 0.2 0.2 nan 
PRES_GPS_castroperdomo 35.2565 31.0178 -7.506205240740876 6.646556771615012 nan 0.23 0.23 nan 
DAYA_GPS_castroperdomo 35.1088 31.1363 -7.617900012034234 6.129336305969671 nan 0.22 0.22 nan 
ZHAR_GPS_castroperdomo 35.3219 31.1649 -8.491818194431772 6.1109268934631 nan 0.2 0.2 nan 
HAIL_GPS_castroperdomo 34.7962 31.1985 -7.733210386561268 6.316680227964666 nan 0.22 0.22 nan 
BSOR_GPS_castroperdomo 34.4748 31.3457 -7.410894561425202 5.815213293108538 nan 0.23 0.23 nan 
ASHK_GPS_castroperdomo 34.5163 31.6241 -7.836141762946703 6.1315051535861596 nan 0.22 0.22 nan 
MSUA_GPS_castroperdomo 35.4866 32.1023 -7.060408354706038 8.246827178472934 nan 0.22 0.22 nan 
GTIT_GPS_castroperdomo 35.3869 32.1023 -7.5078606052370915 7.225348953137978 nan 0.22 0.22 nan 
ELKN_GPS_castroperdomo 35.0394 32.1141 -7.429062316069373 6.135372121412967 nan 0.22 0.22 nan 
GLIL_GPS_castroperdomo 34.8039 32.1408 -7.267886588635768 5.986001853818117 nan 0.22 0.22 nan 
KDUM_GPS_castroperdomo 35.1588 32.2166 -7.649527185871769 6.6850000475490905 nan 0.33 0.34 nan 
CBIR_GPS_castroperdomo 35.3276 32.2426 -7.589516191175061 7.320437052853229 nan 0.22 0.22 nan 
UDIM_GPS_castroperdomo 34.8412 32.2598 -7.440693450010571 6.002719158809583 nan 0.22 0.22 nan 
MAMI_GPS_castroperdomo 35.1563 32.5044 -7.5236473299989655 6.605216615513752 nan 0.22 0.22 nan 
SFIA_GPS_castroperdomo 34.9664 32.5925 -7.590890863656384 6.231742462841563 nan 0.22 0.22 nan 
MORE_GPS_castroperdomo 35.359 32.6189 -8.01932756127615 7.097741038662168 nan 0.22 0.22 nan 
KRTV_GPS_castroperdomo 35.1112 32.6971 -7.643390437344781 6.30912792993499 nan 0.23 0.22 nan 
ZPRI_GPS_castroperdomo 35.2761 32.7458 -7.783065399456536 6.42486767642348 nan 0.22 0.22 nan 
KBIA_GPS_castroperdomo 35.1823 32.7636 -7.703236678048736 6.9729655692437795 nan 0.29 0.29 nan 
AVTL_GPS_castroperdomo 35.3563 32.8411 -7.591440629839614 7.1779727014827515 nan 0.24 0.25 nan 
NTUR_GPS_castroperdomo 35.7537 32.8546 -7.576594847796198 9.644199637921561 nan 0.22 0.22 nan 
CSON_GPS_castroperdomo 35.1455 32.8549 -7.73831618516116 6.896152485443521 nan 0.22 0.22 nan 
GLON_GPS_castroperdomo 35.2302 32.9116 -7.714186539203286 6.928825753525997 nan 0.22 0.22 nan 
CABR_GPS_castroperdomo 35.1445 33.0172 -7.8665160226276 6.6162391644087375 nan 0.2 0.2 nan 
ATIV_GPS_castroperdomo 35.7488 33.2618 -7.836543790455462 8.964612085459729 nan 0.22 0.22 nan 
RASH_GPS_castroperdomo 34.7966 28.2995 -5.500791883883025 9.926644981739223 nan 0.4 0.4 nan 
HALY_GPS_castroperdomo 36.0999 29.1389 -4.912595037717136 10.095310835695045 nan 0.27 0.27 nan 
KLHV_GPS_castroperdomo 34.8667 31.3781 -7.925067991287946 5.6604782540053815 nan 0.29 0.29 nan 
ALON_GPS_castroperdomo 34.6067 31.7079 -7.931119025388373 5.783452163113608 nan 0.21 0.28 nan 
TELA_GPS_castroperdomo 34.7809 32.068 -7.546686542862503 6.438028890471227 nan 0.25 0.22 nan 
HUGS_GPS_castroperdomo 36.1888 32.1013 -7.13943456693892 9.98797276437076 nan 0.51 0.52 nan 
GILB_GPS_castroperdomo 35.4165 32.4793 -7.997687305782939 7.122814629667898 nan 0.26 0.31 nan 
CSAR_GPS_castroperdomo 34.8902 32.4883 -7.926931887342391 6.248415477531189 nan 0.24 0.3 nan 
MEHA_GPS_castroperdomo 35.6545 32.738 -7.374963984035762 9.832568963116687 nan 0.43 0.46 nan 
ELRO_GPS_castroperdomo 35.7707 33.182 -7.474668575922909 9.102769468445786 nan 0.23 0.23 nan 
ANKR_GPS_castroperdomo 32.7585 39.8874 -24.26140515690268 -2.1652576736331337 nan 0.42 0.44 nan 
ARUC_GPS_castroperdomo 44.0856 40.2857 0.5200987160101249 1.9689323806782255 nan 0.12 0.15 nan 
SVRT_GPS_castroperdomo 28.9735 40.8747 -4.627186884006768 -0.881406465161497 nan 0.14 0.18 nan 
WADR_GPS_castroperdomo 35.359 30.176 -6.62154624757606 8.527741038662167 nan 0.69 0.68 nan 
NAML_GPS_castroperdomo 35.403 30.469 -6.364775070540418 9.853970037564503 nan 0.68 0.69 nan 
FIFA_GPS_castroperdomo 35.456 30.907 -8.187324302019025 8.379438317993953 nan 0.61 0.6 nan 
MJBG_GPS_castroperdomo 35.565 31.426 -8.370649520275467 8.630154868283698 nan 0.72 0.7 nan 
NEBO_GPS_castroperdomo 35.739 31.766 -8.576924613167002 10.345437278837506 nan 0.94 0.92 nan 
MUD2_GPS_castroperdomo 35.632 32.158 -6.174631142896853 8.714472915226583 nan 0.49 0.49 nan 
ASAL_GPS_castroperdomo 36.4 33.879 -6.318028569812622 10.220671315066568 nan 0.5 0.5 nan 
BLAN_GPS_castroperdomo 36.754 34.914 -7.940108278724942 10.862087794237057 nan 0.53 0.49 nan 
BMRA_GPS_castroperdomo 36.343 34.957 -8.73443419098999 9.77532247769832 nan 0.46 0.46 nan 
DALY_GPS_castroperdomo 36.27 35.215 -7.6965518368236445 9.401298951357235 nan 0.47 0.47 nan 
DOHA_GPS_castroperdomo 36.104 35.598 -9.21741916435743 9.114971687831618 nan 0.47 0.48 nan 
HASS_GPS_castroperdomo 36.57 35.638 -7.853584722725046 10.676879669709269 nan 0.46 0.46 nan 
HOOR_GPS_castroperdomo 36.111 33.781 -6.673428160150472 10.184392816138855 nan 0.5 0.49 nan 
KHAS_GPS_2_castroperdomo 36.578 35.449 -7.801649324279236 10.476233613517543 nan 0.61 0.6 nan 
KHBZ_GPS_castroperdomo 37.716 36.246 -8.253834427655775 11.487052148663714 nan 0.44 0.46 nan 
MSHT_GPS_castroperdomo 36.269 34.885 -8.147143092964278 8.841380974601261 nan 0.46 0.45 nan 
RAJO_GPS_castroperdomo 36.681 36.664 -9.301875744190546 9.597939437833213 nan 0.54 0.46 nan 
RSHM_GPS_castroperdomo 35.769 35.659 -8.962818430963928 9.082912431529344 nan 0.47 0.48 nan 
SALM_GPS_castroperdomo 36.966 35.049 -6.897833698726611 11.325219884841433 nan 0.44 0.45 nan 
ANJR_GPS_castroperdomo 35.922 33.73 -7.8512153775447295 8.630093709598261 nan 0.72 0.73 nan 
BRKA_GPS_2_castroperdomo 36.143 34.184 -8.207261695567624 8.951749135647011 nan 0.79 0.77 nan 
TFEL_GPS_castroperdomo 36.225 33.86 -8.423281716427446 10.174994109998813 nan 0.84 0.85 nan 
LAUG_GPS_castroperdomo 35.674 34.115 -8.22577563178945 7.640920566185008 nan 0.34 0.28 nan 
YIBL_GPS_2_castroperdomo 56.112 21.186 0.461735544985288 18.725870141135033 nan 1.01 0.98 nan 
018B_GPS_castroperdomo 25.5238 40.47405 -2.7006898752179858 -2.393258680487099 nan 0.66 0.52 nan 
AMAS_GPS_castroperdomo 35.84929 40.66569 -15.30622929226704 5.036173439102635 nan 0.1 0.13 nan 
BAD1_GPS_castroperdomo 29.1179 40.85212 -3.280445627261958 -0.4274788377366221 nan 0.13 0.24 nan 
BOZT_GPS_castroperdomo 28.78203 40.53439 -18.268476219675378 -2.859968345245612 nan 0.13 0.2 nan 
BRAI_GPS_castroperdomo 27.97328 45.26769 1.8552226248010903 -2.197828159549587 nan 0.13 0.12 nan 
BURG_GPS_castroperdomo 27.4778 42.49592 -0.41412254905826273 -0.00011578822353719431 nan 0.22 0.22 nan 
CANK_GPS_castroperdomo 33.61038 40.60858 -20.341560807217675 -0.135942988913742 nan 0.24 0.26 nan 
KANT_GPS_castroperdomo 29.06143 41.06081 -3.491766783960859 0.8687967422421021 nan 0.48 0.45 nan 
KRBK_GPS_castroperdomo 32.67593 41.23162 -2.6673011579038395 -0.20728022113192424 nan 0.1 0.16 nan 
MER1_GPS_castroperdomo 27.96175 40.96693 -0.6193775038349791 0.7735039514654964 nan 0.53 0.55 nan 
NAHA_GPS_castroperdomo 31.33209 40.1733 -23.712660913660635 -3.073569895292291 nan 0.1 0.16 nan 
NIGD_GPS_castroperdomo 34.67944 37.95877 -17.40476283717058 3.336996749346591 nan 0.11 0.16 nan 
ONIY_GPS_castroperdomo 36.25386 37.10219 -14.343902533660177 5.672623314104786 nan 0.11 0.15 nan 
RHIY_GPS_castroperdomo 38.7708 39.90611 -14.736773580685107 3.7092348683452396 nan 0.37 0.38 nan 
SHUM_GPS_castroperdomo 26.9294 43.2779 -0.5422886866124692 0.06487296474288407 nan 0.38 0.36 nan 
SILF_GPS_castroperdomo 33.9364 36.38189 -13.258787412473167 1.5639613594436081 nan 0.12 0.15 nan 
SINP_GPS_castroperdomo 35.15394 42.03023 -0.848584375620657 -0.12457892066594312 nan 0.11 0.13 nan 
VIRA_GPS_castroperdomo 39.75116 37.23367 -9.230068731948258 11.641111665305433 nan 0.12 0.15 nan 
YLDZ_GPS_castroperdomo 28.88872 41.02322 -1.7960798044042683 -1.2919317930461176 nan 0.13 0.29 nan 
YUNK_GPS_castroperdomo 31.72628 38.82047 -22.790021642802397 -3.733546283674098 nan 0.11 0.2 nan 
MATS_GPS_castroperdomo 43.753 42.9779 0.3976817538357267 -3.6845687074717635 nan 0.88 0.89 nan 
GJ06_GPS_castroperdomo 43.6656 41.31739 -0.21594226246337556 0.059845893888681445 nan 0.82 0.88 nan 
GJ05_GPS_castroperdomo 43.5531 41.27445 -0.7685042914273446 -0.28442329829604773 nan 0.85 0.9 nan 
SACC_GPS_castroperdomo 43.4 42.34867 1.5337365912961332 1.9134631680281071 nan 0.62 0.56 nan 
KHUR_GPS_2_castroperdomo 43.3816 42.57828 -0.6192522592819536 -4.575582227800023 nan 0.73 0.66 nan 
GR02_GPS_castroperdomo 43.039 42.10448 -0.7373765818554006 -2.357542119757751 nan 0.92 0.99 nan 
GR01_GPS_castroperdomo 43.0049 42.10176 0.03690335367525677 -0.3057189418057469 nan 0.6 0.68 nan 
MLZ1_GVN_castroperdomo 42.5405 39.1459 -4.63660836189775 5.639607237865839 nan 0.47 0.49 nan 
SRNK_GPS_castroperdomo 42.4574 37.52791 -9.55548934206227 11.174236669887318 nan 1.22 1.06 nan 
ARTV_GTO_castroperdomo 41.8183 41.1751 3.8038802717527744 1.8508284765686245 nan 0.21 0.18 nan 
BING_GD7_castroperdomo 40.5007 38.88546 -12.36594373941036 8.891771453430898 nan 0.48 0.46 nan 
RZE1_GTO_castroperdomo 40.4931 41.0369 -4.001436138528643 -0.30774022397111267 nan 0.71 0.6 nan 
KAKO_GPS_castroperdomo 40.0522 38.96256 -17.770643223181118 6.68100870955722 nan 0.79 0.86 nan 
SRYB_GPS_castroperdomo 39.9098 38.73677 -17.646719405446753 8.120470089877982 nan 0.68 0.75 nan 
AKTO_GPS_2_castroperdomo 39.7017 40.97362 -0.7165817476419818 -0.6355487640573969 nan 0.47 0.45 nan 
UZML_GFD_castroperdomo 39.6882 39.72359 -12.037947757060868 0.9753645634946402 nan 1.1 1.32 nan 
KLKT_GPS_castroperdomo 39.4203 40.15072 -4.367902503789512 -0.43635148514241706 nan 0.28 0.28 nan 
AYZC_GPS_castroperdomo 39.417 36.97124 -12.482865530898717 11.543875629415032 nan 1.21 1.16 nan 
AKTP_GPS_castroperdomo 39.3356 37.6362 -10.081032193639643 12.909492357996749 nan 0.88 0.98 nan 
KMAH_GFD_castroperdomo 39.1638 39.6134 -16.45042726042022 6.321438713069876 nan 0.48 0.58 nan 
KRDK_GPS_castroperdomo 38.836 40.13619 -4.823937024071832 0.7245783365919767 nan 0.66 0.77 nan 
ARPY_GPS_castroperdomo 38.7432 39.82044 -19.004464759977395 7.561211434032073 nan 0.61 0.78 nan 
TEPE_GPS_castroperdomo 38.6826 38.09244 -12.10877287566211 10.00556254184737 nan 0.81 0.88 nan 
MLYT_GSU_castroperdomo 38.425 38.32546 -16.159306458209286 8.744230871917665 nan 0.34 0.36 nan 
ADYI_GPS_castroperdomo 38.2309 37.74698 -10.125763830955496 10.99848172062609 nan 0.51 0.53 nan 
DIVR_GTO_castroperdomo 38.1038 39.39432 -17.684513273935615 7.087899184998907 nan 0.12 0.12 nan 
SSEH_GTO_castroperdomo 38.0749 40.16248 -14.362706696459114 4.520049993600113 nan 0.55 0.68 nan 
SINC_GPS_castroperdomo 37.9585 39.45422 -18.81306467543677 7.688748257298123 nan 0.34 0.43 nan 
CKRH_GPS_castroperdomo 37.8861 37.54145 -10.002413078836838 10.514187190545616 nan 0.44 0.47 nan 
IKYK_GPS_castroperdomo 37.8695 40.31335 -8.25607105230403 2.8254373366865373 nan 0.46 0.54 nan 
GURE_GPS_castroperdomo 37.6035 40.77822 -2.8427406544704823 -0.34437267857470566 nan 0.34 0.39 nan 
DOGA_GPS_castroperdomo 37.5347 40.22879 -15.49611598033015 3.5108976298225354 nan 1.21 1.28 nan 
FASA_GTO_castroperdomo 37.4847 41.04553 -3.0798251934428045 0.024740226197469184 nan 0.27 0.11 nan 
ALAR_GPS_castroperdomo 37.4358 37.51766 -10.17785920030716 9.378508402822165 nan 0.4 0.42 nan 
ANTE_GTO_castroperdomo 37.3736 37.06496 -10.012736557142034 10.453315914110958 nan 0.3 0.26 nan 
BRKT_GPS_castroperdomo 37.2645 40.54708 -9.415508340486745 3.631787450823003 nan 0.85 0.89 nan 
ELBI_GPS_castroperdomo 37.22 38.17898 -15.950341962615607 7.125257127122369 nan 0.36 0.36 nan 
KLIS_GTO_castroperdomo 37.1121 36.7086 -12.23249426157945 12.003704462754172 nan 0.73 0.52 nan 
KILS_GPS_castroperdomo 37.106 36.68511 -8.672624203354882 10.214183474961219 nan 0.71 0.79 nan 
SIVA_GPS_2_castroperdomo 37.095 39.78641 -21.087672615785415 6.6650476601236655 nan 0.27 0.25 nan 
TALN_GIZ_castroperdomo 36.8042 40.55662 -14.039172937891301 3.7980766709418443 nan 0.88 0.92 nan 
GKDE_GIZ_castroperdomo 36.7521 40.47568 -14.961681625994784 4.9122398159024065 nan 0.85 0.88 nan 
FEVZ_GPS_castroperdomo 36.6432 37.08757 -10.756789959505213 8.45097818906492 nan 0.64 0.82 nan 
TOK1_GIZ_castroperdomo 36.5574 40.33099 -19.344056641908388 5.067897748353873 nan 0.17 0.17 nan 
CRDK_GIZ_castroperdomo 36.5538 40.23743 -20.900310456340808 5.458188749324359 nan 0.26 0.29 nan 
ABAK_GPS_castroperdomo 36.465 36.53105 -10.203559461273716 9.465383843709667 nan 0.74 0.68 nan 
SAMS_GPS_castroperdomo 36.3361 41.29888 -0.9108703423663584 0.3758864295669593 nan 0.64 0.68 nan 
HATA_GTO_castroperdomo 36.1527 36.20828 -9.810588600824062 8.820948609560526 nan 0.27 0.25 nan 
GEME_GIZ_castroperdomo 36.0808 39.18513 -21.200702297850892 4.406891687941133 nan 0.29 0.15 nan 
HZRT_GPS_2_castroperdomo 35.88 33.85875 -10.058144662776915 8.65360291440843 nan 0.52 0.51 nan 
TUAB_GSU_castroperdomo 35.8085 35.52344 -9.741059909947214 8.719593734640272 nan 0.64 0.64 nan 
VEZI_GDU_castroperdomo 35.4666 41.138 -5.956821796525322 0.7285333673870813 nan 0.26 0.27 nan 
GKCB_GPS_castroperdomo 35.3159 40.66639 -17.28348430651519 3.401442660132192 nan 1.02 1.19 nan 
BOGZ_GIZ_castroperdomo 35.2551 39.19361 -19.662772246949054 4.126677481964535 nan 0.15 0.35 nan 
GHAC_GPS_castroperdomo 35.1129 40.94944 -15.13810965608982 3.8789803446186095 nan 1.04 1.15 nan 
CORU_GDU_castroperdomo 34.9822 40.57041 -17.8408337467291 1.9903618140870183 nan 0.27 0.27 nan 
KKIR_GPS_castroperdomo 34.8753 40.45262 -19.044193101992178 3.2197231017169035 nan 0.94 0.91 nan 
POZA_GIZ_castroperdomo 34.8716 37.42211 -16.16251704257386 3.5200479554844417 nan 0.17 0.17 nan 
DDRG_GPS_castroperdomo 34.7804 40.88757 -17.238277443233937 1.3080729806679994 nan 1.21 1.37 nan 
DIPK_GTO_castroperdomo 34.1946 35.5369 -11.233307334094736 3.040434973098039 nan 0.23 0.2 nan 
BOST_GDU_castroperdomo 33.7505 41.10059 -9.260181446083827 -1.7689310301084245 nan 1.0 2.17 nan 
INBO_GDU_castroperdomo 33.7429 41.92954 -0.3488933453719838 0.3317713734226384 nan 0.63 0.75 nan 
ILIT_GDU_castroperdomo 33.5207 40.32986 -22.650423987068418 0.36241173818178396 nan 1.13 1.03 nan 
KLCK_GDU_castroperdomo 33.4566 40.08093 -20.377536192702028 -0.551596491277417 nan 1.52 1.34 nan 
KAMN_GIZ_castroperdomo 33.2202 37.19323 -16.028346794686062 1.890645918910403 nan 0.28 0.29 nan 
GYUR_GB1_castroperdomo 32.9894 35.20125 -8.93737827700604 0.9725810091329805 nan 0.36 0.31 nan 
CIHA_GDU_castroperdomo 32.9224 38.65039 -20.828757989038543 -0.4210107740177751 nan 0.23 0.27 nan 
BEYS_GC9_castroperdomo 31.7465 37.6773 -18.783316111865847 -3.7955800144513745 nan 0.24 0.27 nan 
EMIR_GC9_castroperdomo 31.144 39.02219 -23.383830837536674 -3.574274902531421 nan 0.16 0.17 nan 
ANTG_GPS_castroperdomo 30.6093 36.8285 -14.903152368469291 -8.708649135657152 nan 0.52 0.5 nan 
BURD_G07_castroperdomo 30.2974 37.68907 -21.034144001228718 -9.435674126444576 nan 0.52 0.48 nan 
CAVD_GIZ_castroperdomo 29.6901 37.15637 -19.265243461558093 -9.050357698760209 nan 0.42 0.48 nan 
USAK_GDU_castroperdomo 29.4052 38.67921 -24.20935154727461 -7.569211942831302 nan 0.26 0.35 nan 
KZLR_GIZ_castroperdomo 29.0034 37.18702 -20.91604882708486 -14.694741216569422 nan 0.78 1.0 nan 
DLMN_GPS_castroperdomo 28.8258 36.7623 -18.353195171067313 -19.984881815211892 nan 0.98 0.79 nan 
KRCT_GIZ_castroperdomo 28.6674 37.82766 -24.37832688816551 -14.607064679351584 nan 0.46 0.4 nan 
MULA_GPS_castroperdomo 28.4272 37.17524 -20.633520080043724 -20.749858494868484 nan 0.74 0.69 nan 
BAN1_GK1_castroperdomo 27.9749 40.34865 -20.398766576950425 -4.018015283603006 nan 0.41 0.35 nan 
AKGA_GPS_castroperdomo 27.8727 39.00566 -22.945456239988793 -9.906190235103796 nan 0.61 0.59 nan 
DEMI_GPS_castroperdomo 27.7788 41.82652 -0.09197882898538268 -0.04528962101827716 nan 0.72 0.7 nan 
ALAT_GDU_castroperdomo 27.6958 40.18644 -20.68395120445728 -5.925625745346747 nan 0.22 0.26 nan 
BUTG_GPS_castroperdomo 27.4832 42.48412 -1.2213639067979223 -0.7807499189595468 nan 1.08 1.0 nan 
GVNT_GDU_castroperdomo 27.4755 40.2655 -20.51053390217715 -6.959845661083345 nan 1.22 1.29 nan 
SEV2_GPS_castroperdomo 26.8797 40.39581 -17.44590075078113 -8.139179715080306 nan 0.46 0.48 nan 
MAMA_GPS_castroperdomo 26.7853 42.10415 -0.4239539868326645 -0.49785711015504575 nan 0.4 0.42 nan 
EDIR_GIZ_castroperdomo 26.551 41.67671 -1.2613641067794141 0.9503941442741315 nan 0.44 0.45 nan 
TYF1_GIZ_castroperdomo 26.4856 40.38407 -14.325688367161417 -7.221682318972164 nan 0.27 0.29 nan 
KCMN_GPS_castroperdomo 26.3193 40.25957 -19.32816059552204 -7.111460076645896 nan 0.74 0.84 nan 
TOPO_GPS_castroperdomo 26.3091 42.07494 0.7906072428159518 -1.2402162841307458 nan 1.0 1.0 nan 
SUBA_GPS_castroperdomo 26.1741 39.97309 -19.479565130886098 -8.893716661180946 nan 0.65 0.61 nan 
CVUS_GPS_castroperdomo 26.1679 40.69188 -1.6959613906621875 -0.30295721947565113 nan 0.6 0.68 nan 
5612_GIZ_castroperdomo 24.7017 42.59387 -0.7877915962366018 -0.37923736627267424 nan 1.29 1.46 nan 
GA11_GPS_castroperdomo 35.4777 29.00512 -4.094762374827596 11.497586228322296 nan 0.59 0.59 nan 
GA14_GPS_castroperdomo 35.14489 29.32108 -5.568207978240615 9.096205359121553 nan 0.62 0.61 nan 
GA09_GPS_castroperdomo 35.10675 28.6853 -4.891205845802233 11.809514312646533 nan 0.6 0.59 nan 
GA08_GPS_castroperdomo 35.1021 29.05163 -5.192828560788865 10.209918148140824 nan 0.56 0.56 nan 
GA06_GPS_castroperdomo 35.085 28.92467 -4.68226129636399 11.781403987593944 nan 0.56 0.56 nan 
GA05_GPS_castroperdomo 35.00415 28.8954 -6.844859113173673 9.918445468441424 nan 0.58 0.57 nan 
GA01_GPS_castroperdomo 34.93244 29.27084 -6.234145804664351 9.584713465586095 nan 1.08 0.52 nan 
GA27_GPS_castroperdomo 34.91501 28.71964 -4.855641221267398 10.10624018065109 nan 0.91 0.9 nan 
GA03_GPS_castroperdomo 34.88408 28.91782 -5.61208746095636 8.068952458150566 nan 0.59 0.58 nan 
GA21_GPS_castroperdomo 34.84542 28.08362 -6.022167102766296 9.522348126138732 nan 0.63 0.62 nan 
GA17_GPS_castroperdomo 34.80057 28.71321 -5.265258957205955 10.256295198659503 nan 0.62 0.61 nan 
GA30_GPS_castroperdomo 34.63157 28.02881 -5.460216074685665 9.651242592109028 nan 0.94 0.92 nan 
GA18_GPS_castroperdomo 34.57138 28.09532 -5.227101659099212 9.82659453263705 nan 0.59 0.58 nan 
INE2_GPS_castroperdomo 33.7678 41.977 -1.3580066484142392 -0.27052904192079197 nan 0.46 0.58 nan 
IS04_GPS_castroperdomo 32.7594 40.8669 -16.2691073352863 -2.1153444741733836 nan 0.76 0.68 nan 
IS12_GPS_castroperdomo 33.1783 40.964 -8.102853235834896 -0.3253880373251796 nan 0.94 0.67 nan 
IS21_GPS_castroperdomo 32.5982 40.8807 -7.867451846980082 -1.5197451087920655 nan 0.64 0.58 nan 
SIH1_GPS_castroperdomo 31.5363 39.4465 -23.895281143723082 -3.2543576710073427 nan 0.2 0.21 nan 
ADCS_GPS_castroperdomo 27.9657 44.0882 0.836914154497876 0.0130475323473771 nan 0.36 0.44 nan 
ADJU_GPS_castroperdomo 27.1893 46.0954 0.9596843424670922 0.4539278777273541 nan 0.13 0.15 nan 
AEGY_GPS_castroperdomo 28.8151 45.1864 0.5853584001072925 -0.13368136586648305 nan 0.14 0.17 nan 
CRNV_GPS_castroperdomo 28.0312 44.3421 0.2878136200450605 0.2154879452746048 nan 0.13 0.16 nan 
LEHL_GPS_castroperdomo 26.8511 44.4422 0.7875215129862454 1.4142470147455697 nan 0.15 0.19 nan 
MNG2_GPS_castroperdomo 28.5953 43.8011 0.3201080757849226 0.6310779205422374 nan 0.24 0.28 nan 
MNGL_GPS_castroperdomo 28.5801 43.8093 0.40699486103062554 2.6927971350556383 nan 0.2 0.39 nan 
PERO_GPS_castroperdomo 29.2745 44.801 0.23681103064678055 -0.04481616823300172 nan 0.16 0.16 nan 
PITE_GPS_castroperdomo 24.8787 44.8541 0.41410138504654626 0.3581498877705407 nan 0.13 0.16 nan 
PLEV_GPS_castroperdomo 24.6215 43.4166 -0.018093834439063983 0.5110476659638898 nan 0.18 0.19 nan 
SLNA_GPS_castroperdomo 29.7268 45.1622 -0.5544814454585492 1.8056535663296547 nan 0.62 0.72 nan 
SULN_GPS_castroperdomo 29.7588 45.148 0.45244708302782044 -0.19781999206062117 nan 0.14 0.14 nan 
TECC_GPS_castroperdomo 27.4089 45.8416 0.7899512217787397 0.3379851974844481 nan 0.37 0.4 nan 
TGBV_GPS_castroperdomo 25.5988 45.6573 1.6609170303892995 1.7773794919696986 nan 0.31 0.27 nan 
TGGC_GPS_castroperdomo 25.7406 45.1243 0.9748320200487726 -1.6802619087028283 nan 0.18 0.21 nan 
VRN1_GPS_castroperdomo 26.65 45.85 1.2354925478349585 -0.8315688396930838 nan 0.15 0.18 nan 
DOBR_GPS_2_castroperdomo 27.838 43.5585 0.4136034049179962 0.027833995118765387 nan 0.11 0.14 nan 
GABR_GPS_2_castroperdomo 25.3152 42.889 0.2250701719258963 0.08289247216039364 nan 0.12 0.15 nan 
HSKO_GPS_castroperdomo 25.5617 41.931 -0.25817418106028356 -0.027992206990100854 nan 0.12 0.16 nan 
KAV0_GPS_castroperdomo 28.3508 43.4389 -0.12127892775755456 -0.06115763425436782 nan 0.21 0.26 nan 
PRIM_GPS_castroperdomo 27.7531 42.2664 -0.08027885571752336 -0.5923001814541156 nan 0.11 0.14 nan 
RAKO_GPS_castroperdomo 24.9462 42.279 0.7326062924946157 -0.11044235411159598 nan 0.19 0.2 nan 
SILI_GPS_castroperdomo 27.2681 44.1209 0.41336152014077854 -0.07540276963957204 nan 0.11 0.15 nan 
CALR_GPS_castroperdomo 27.3134 44.2051 0.573279481651678 -0.20075580437378981 nan 0.1 0.13 nan 
ARTS_GPS_castroperdomo 29.4363 46.0033 0.2244256307382635 -0.14262746558249084 nan 0.1 0.13 nan 
KLIA_GPS_castroperdomo 29.2659 45.4405 1.0354318553220914 -0.07386656645763878 nan 0.1 0.13 nan 
BUYU_GPS_castroperdomo 34.25533 35.52984 -11.104903597056332 3.0449411313079384 nan 0.29 0.3 nan 
ZIYA_GPS_castroperdomo 33.74673 35.3496 -10.880036410969474 2.941417369501435 nan 0.28 0.29 nan 
SELM_GPS_2_castroperdomo 31.39024 36.76774 -15.300235416653258 -3.9895064028667147 nan 0.31 0.31 nan 
GUND_GPS_castroperdomo 31.98355 36.79235 -15.63021528310511 -3.179299625227779 nan 0.44 0.54 nan 
LARN_GPS_castroperdomo 33.63197 34.93072 -8.689873743443972 2.4420505577755094 nan 0.25 0.25 nan 
KALE_GPS_castroperdomo 34.00084 35.35015 -9.454241150837163 3.738064215575214 nan 0.42 0.42 nan 
KKTE_GPS_castroperdomo 33.79924 35.16439 -9.043627403293534 2.966569958024385 nan 0.42 0.43 nan 
KOPL_GPS_castroperdomo 33.75578 35.10851 -9.643803860445242 3.4105811232726246 nan 0.42 0.43 nan 
YAYL_GPS_castroperdomo 33.54418 35.29153 -10.609804884056619 3.300221132528492 nan 0.52 0.53 nan 
KCAT_GPS_castroperdomo 33.12568 35.22136 -9.416261428452938 1.7096028322637977 nan 0.41 0.43 nan 
SLOM_GPS_castroperdomo 34.28382 31.22818 -5.707992386253604 4.49236904189574 nan 0.62 0.49 nan 
SAVR_GPS_castroperdomo 40.87802 37.55039 -8.37966784456805 12.287836244496264 nan 0.46 0.5 nan 
AKAB_GPS_castroperdomo 36.5988 36.73683 -9.905928548410326 8.544555114118994 nan 0.77 0.87 nan 
ANDR_GPS_2_castroperdomo 36.32984 37.57249 -14.39072899371464 4.916398244055326 nan 0.95 0.92 nan 
ISKN_GPS_castroperdomo 36.14608 36.53803 -10.785078515594687 9.29149490565863 nan 0.3 0.22 nan 
TRTR_GPS_castroperdomo 34.22217 36.52944 -14.548360085763763 2.7779390228506973 nan 0.38 0.42 nan 
EREN_GPS_castroperdomo 34.15478 36.71803 -14.578877518937174 3.184045433780984 nan 0.3 0.4 nan 
BDML_GPS_castroperdomo 32.67583 37.03157 -15.930360221102282 -0.07727054291849633 nan 0.37 0.42 nan 
ADEN_GPS_castroperdomo 45.04 12.812 0.1966441612974208 14.104237808680097 nan 0.8 0.7 nan 
JIZN_GPS_castroperdomo 42.104 16.699 -0.45565325613196705 12.824254646548018 nan 0.52 0.45 nan 
GOOZ_GPS_castroperdomo 41.383 19.043 -0.5320699741458199 13.47675128215327 nan 1.25 1.18 nan 
SHAL_GPS_3_castroperdomo 39.262 21.501 -2.495830772936131 13.524594975096973 nan 1.1 1.08 nan 
HURG_GPS_castroperdomo 33.832 27.244 -10.042911952895729 4.353551460257435 nan 0.75 0.73 nan 
DAHW_GPS_castroperdomo 39.955 15.737 -7.208723485932701 1.3774575884577693 nan 0.44 0.42 nan 
DEBA_GPS_2_castroperdomo 42.346 12.703 3.5416536467889017 14.580489088352154 nan 0.71 0.67 nan 
AD05_GPS_castroperdomo 34.42 25.23 -8.002079557465699 6.51012066267573 nan 2.16 1.99 nan 
BORG_GPS_castroperdomo 29.573 30.863 -8.685552487611652 4.272404980500365 nan 1.04 1.69 nan 
KATA_GPS_castroperdomo 31.83 29.93 -6.491522831788863 5.926038990924752 nan 0.31 0.5 nan 
MNSO_GPS_castroperdomo 31.352 31.041 -4.726394165489488 7.58439597258943 nan 0.54 0.26 nan 
NKHL_GPS_castroperdomo 33.98 29.93 -7.401255007600827 5.739969501531824 nan 0.2 0.38 nan 
RARO_GPS_castroperdomo 32.706 23.719 -11.628788225082562 7.009811380357242 nan 2.61 1.11 nan 
SAFG_GPS_castroperdomo 33.93 26.57 -8.955448953763195 5.614547975149584 nan 0.32 0.24 nan 
TOUR_GPS_castroperdomo 33.596 28.269 -9.389387754703872 5.095394463659106 nan 0.58 0.57 nan 
DERB_GPS_castroperdomo 33.404 28.631 -9.041272448772041 3.8533328332340613 nan 0.57 0.56 nan 
FGFZ_GPS_castroperdomo 35.2 30.214 -4.786832523165142 7.851434722144077 nan 1.15 1.13 nan 
JZIN_GPS_2_castroperdomo 35.579 33.545 -9.268618013688538 7.968966059551702 nan 0.58 0.59 nan 
NABQ_GPS_castroperdomo 34.314 28.178 -8.49556033436982 6.549648010618171 nan 0.75 0.7 nan 
RSH3_GPS_castroperdomo 35.197 30.202 -7.951468223762049 6.211694096755018 nan 1.49 1.48 nan 
SHAM_GPS_3_castroperdomo 34.184 27.846 -9.703480077868946 5.881395435234074 nan 0.5 0.5 nan 
ASGF_GPS_castroperdomo 37.648 32.333 -5.625972067081044 10.412229027767491 nan 0.62 0.63 nan 
IRHB_GPS_castroperdomo 36.041 32.343 -5.326359952679692 7.530190683706833 nan 1.4 1.38 nan 
KRMA_GPS_castroperdomo 35.588 31.968 -7.511166497241117 6.458202253543906 nan 1.37 1.37 nan 
RAQA_GPS_castroperdomo 39.009 35.951 -7.81270687007342 11.942309668285656 nan 0.94 0.96 nan 
CATH_GPS_castroperdomo 33.995 28.639 -7.004329947845996 5.138597955145791 nan 0.93 0.94 nan 
GARB_GPS_castroperdomo 33.228 28.163 -8.311494019232345 5.94990839936391 nan 0.52 0.51 nan 
KENS_GPS_castroperdomo 33.883 27.961 -10.964641332770274 7.398861069660864 nan 0.9 0.9 nan 
GK14_GPS_castroperdomo 44.468 42.525 -0.666991569460567 -0.4694475696241618 nan 0.59 0.58 nan 
GK04_GPS_castroperdomo 44.502 41.558 1.5541941083204591 0.2689487717848227 nan 0.59 0.74 nan 
GK06_GPS_castroperdomo 44.509 41.689 -0.07331444153591704 1.2386192262157412 nan 0.4 0.46 nan 
AKAL_GPS_castroperdomo 43.493 41.41 0.5972465691701565 0.19866054370817032 nan 0.17 0.16 nan 
CINA_GPS_castroperdomo 29.14313 40.63947 -16.336206613288322 0.9997213861204219 nan 0.59 0.6 nan 
CMLN_GPS_castroperdomo 30.91635 40.11795 -24.599654717986724 -3.440731950373811 nan 0.42 0.49 nan 
ERCT_GPS_castroperdomo 29.2432 40.31874 -22.959158139342286 -2.261358656593151 nan 0.64 0.72 nan 
FIST_GPS_castroperdomo 28.88184 40.48057 -19.55139573663942 4.878838329524996 nan 1.0 1.1 nan 
FLRT_GPS_castroperdomo 28.77894 40.97483 -2.8654768827362993 -0.9996211877027541 nan 0.98 1.11 nan 
IBBT_GPS_castroperdomo 29.32082 40.86602 -2.4831381322615336 -2.1799257437126993 nan 0.5 0.53 nan 
KRDM_GPS_castroperdomo 29.36247 41.01709 -0.4795905745810458 -2.4945129320597044 nan 0.67 0.74 nan 
N110_GPS_castroperdomo 28.63109 41.04334 1.2126894594573656 -1.3029665682686424 nan 0.58 0.74 nan 
OLU1_GPS_castroperdomo 29.58524 40.66713 -15.10689611892866 -0.3189315936700172 nan 0.75 0.79 nan 
SEYH_GPS_castroperdomo 30.45336 40.35062 -24.430624889019565 -2.3922111845364764 nan 0.35 0.38 nan 
SISL_GPS_castroperdomo 30.13025 40.74533 -9.256713852543939 -1.037842992837648 nan 0.7 0.76 nan 
SMAS_GPS_castroperdomo 30.13405 40.68972 -14.216398801276897 -1.0482496021963748 nan 0.72 0.8 nan 
TEB1_GPS_castroperdomo 30.80441 40.38575 -20.934406478657515 -2.5290793103655034 nan 0.64 0.64 nan 
YENI_GPS_castroperdomo 28.37327 40.3979 -20.550652331524542 -1.1237190183753345 nan 0.62 0.56 nan 
HARM_GPS_4_castroperdomo 29.31022 40.9268 -0.8595071020889193 -1.488757201828573 nan 0.59 0.63 nan 
ISKI_GPS_castroperdomo 28.96321 41.08633 -1.5536780588184378 -0.8702580053745965 nan 0.36 0.36 nan 
KCEK_GPS_castroperdomo 28.77976 41.00275 -2.2008065022950873 -1.1797133173126504 nan 0.46 0.46 nan 
TUZL_GPS_2_castroperdomo 29.29245 40.8265 -4.609770174474349 -1.046797244801077 nan 0.35 0.34 nan 
KR03_GPS_castroperdomo 29.798 40.727 -10.476978289829116 -1.9020695671068122 nan 1.7 2.1 nan 
KR12_GPS_castroperdomo 29.988 40.731 -7.0330786952914295 -2.722580589128306 nan 1.7 2.07 nan 
KR30_GPS_castroperdomo 30.436 40.691 -15.630651533827262 -2.3503752304554943 nan 1.34 1.62 nan 
KOCL_GPS_castroperdomo 30.85039 41.0478 -1.495997524595385 -0.8538717666154785 nan 0.21 0.29 nan 
PMKV_GPS_castroperdomo 30.16221 40.51655 -20.511093890578852 -2.721261001446468 nan 0.21 0.25 nan 
EREN_GPS_2_castroperdomo 30.40462 40.7587 -8.95057875973254 -0.5070535037991135 nan 0.25 0.26 nan 
ESEN_GPS_castroperdomo 44.59399 37.71034 -3.4939884009970186 12.714634948742848 nan 0.53 0.58 nan 
YOVA_GPS_castroperdomo 44.27337 37.57677 -6.305922360027985 10.419828448294597 nan 0.37 0.37 nan 
TZLC_GPS_castroperdomo 43.66118 40.08017 1.3298975825132864 2.590070022995091 nan 0.33 0.43 nan 
CKSU_GPS_castroperdomo 43.3217 40.99244 -0.13782438458219204 3.427535506829903 nan 1.16 1.59 nan 
ACIL_GPS_castroperdomo 43.18629 41.29482 -0.7189684138312167 1.1046403019279527 nan 0.44 0.48 nan 
KAGI_GPS_castroperdomo 43.10967 40.09862 0.7461906141314394 3.528695362882015 nan 0.69 0.81 nan 
BORK_GPS_2_castroperdomo 42.95375 41.20127 -0.5568301391147763 -0.05297481343900046 nan 0.71 0.89 nan 
SYTR_GPS_castroperdomo 42.81071 41.39411 -1.0494434019053607 0.03475870496014011 nan 0.43 0.44 nan 
SKM1_GPS_castroperdomo 42.66919 40.34834 1.685842515128659 0.45249643746502954 nan 0.28 0.37 nan 
GOLE_GPS_2_castroperdomo 42.62339 40.78711 -2.2148972696835294 1.8550189906999464 nan 0.38 0.51 nan 
CNKY_GPS_castroperdomo 42.61229 41.5501 0.14933566993920522 0.34563170588260306 nan 1.01 1.3 nan 
SLOP_GPS_castroperdomo 42.39778 37.23156 -8.941849589898066 12.537576280247416 nan 0.21 0.23 nan 
KRUG_GPS_castroperdomo 42.27931 40.24662 0.9287882809951284 3.004257554928852 nan 0.21 0.24 nan 
KRCB_GPS_castroperdomo 42.14155 39.33867 -2.9135329925050115 5.562102279970388 nan 0.22 0.24 nan 
NARM_GPS_castroperdomo 41.86556 40.3321 -0.30438098962352456 1.188062772647685 nan 0.23 0.26 nan 
KURT_GPS_castroperdomo 41.69882 37.90845 -8.936486901866218 11.587863133884321 nan 0.18 0.19 nan 
PASI_GPS_castroperdomo 41.68113 39.98204 -0.7841491130278655 2.1089098560329056 nan 0.23 0.27 nan 
SGOL_GPS_castroperdomo 41.53858 40.96114 0.13393800821809165 -0.5026066496679622 nan 0.37 0.41 nan 
TSBS_GPS_castroperdomo 41.50487 40.26683 -1.7788770253552322 0.17941219677012832 nan 0.34 0.45 nan 
HSKF_GPS_castroperdomo 41.43782 37.71087 -7.678839815242487 12.393442146930596 nan 0.2 0.21 nan 
KELI_GPS_2_castroperdomo 41.19918 37.1455 -8.723788693152194 11.467940870477088 nan 0.31 0.31 nan 
BATM_GPS_castroperdomo 41.15735 37.99127 -9.506598160714177 12.340507287971064 nan 0.19 0.2 nan 
KULP_GPS_castroperdomo 41.02366 38.49139 -8.652144695450207 10.678759630481467 nan 0.25 0.27 nan 
MRMR_GPS_castroperdomo 40.442 38.04625 -9.883492043887397 8.025549474717971 nan 0.26 0.3 nan 
YECE_GPS_castroperdomo 40.29847 40.29647 -1.7642366217869174 -0.4251510768980875 nan 0.18 0.2 nan 
ORNS_GPS_castroperdomo 39.79415 40.19915 -3.092654064971967 0.5182173666399628 nan 0.4 0.52 nan 
TRBZ_GPS_castroperdomo 39.74437 41.00214 -1.4292256198773217 -0.6084304828572229 nan 0.17 0.21 nan 
DAGY_GPS_castroperdomo 39.33766 37.22071 -10.315470212250386 11.339349869410823 nan 0.16 0.17 nan 
TORL_GPS_castroperdomo 39.31395 40.5507 -1.8444965476742539 -0.35900904405948886 nan 0.19 0.22 nan 
CUNG_GPS_castroperdomo 39.29927 38.20676 -10.106572525482587 7.712008221923471 nan 0.18 0.2 nan 
OVCK_GPS_castroperdomo 39.22462 39.37135 -17.327249720618966 6.007195255768126 nan 0.19 0.22 nan 
TRUL_GPS_castroperdomo 39.01811 40.50542 -3.800363607572514 -0.35833288891562276 nan 0.4 0.47 nan 
HRRN_GPS_castroperdomo 38.99678 37.17478 -10.287016749229263 11.803172133399057 nan 0.26 0.29 nan 
KEMA_GPS_castroperdomo 38.97844 39.74535 -16.207521112128582 4.2944677188663185 nan 0.25 0.31 nan 
ALUC_GPS_castroperdomo 38.79868 40.34507 -3.3951960384979927 1.2272415089125257 nan 0.26 0.29 nan 
KEBA_GPS_castroperdomo 38.6969 38.80471 -17.460348498090692 8.08453440101783 nan 0.38 0.4 nan 
GIRE_GPS_castroperdomo 38.42659 40.90173 -1.5603742056367338 -0.0258852120626738 nan 0.25 0.29 nan 
MURS_GPS_castroperdomo 38.35478 36.91105 -10.346633777225176 10.57936815111138 nan 0.2 0.21 nan 
KARK_GPS_castroperdomo 38.00913 36.83305 -9.283094776982818 9.974957824908198 nan 0.21 0.22 nan 
ORDU_GPS_castroperdomo 37.89416 40.95034 -2.372125434205209 0.6435806086006544 nan 0.3 0.35 nan 
KRBL_GPS_castroperdomo 37.72774 40.0523 -18.883460581760847 5.436160336451703 nan 0.23 0.3 nan 
UNYE_GPS_castroperdomo 37.33545 41.11403 -3.5017980719811668 0.22627257683535618 nan 0.21 0.25 nan 
KZHI_GPS_castroperdomo 37.31564 36.99223 -11.778591616826176 10.777810271498584 nan 1.05 1.22 nan 
AVSR_GPS_castroperdomo 37.21144 39.02873 -18.817534110277393 6.3659255013141305 nan 0.21 0.25 nan 
NARL_GPS_castroperdomo 37.16111 37.41711 -11.02554290183457 8.15986151342804 nan 0.24 0.26 nan 
ULAS_GPS_castroperdomo 37.01054 39.43348 -19.688861116077682 6.181699858197865 nan 0.3 0.4 nan 
NIKS_GPS_castroperdomo 36.99748 40.61848 -5.678184723250862 2.432731141252507 nan 0.18 0.2 nan 
TANR_GPS_2_castroperdomo 36.91442 38.42548 -17.23617200948312 6.229306628650516 nan 0.24 0.26 nan 
SVAS_GPS_castroperdomo 36.89217 39.79694 -20.511429271066728 6.211072947816993 nan 0.1 0.09 nan 
CRDK_GPS_castroperdomo 36.84521 38.09242 -16.926632705380214 6.944807649524236 nan 0.22 0.25 nan 
SRDM_GPS_castroperdomo 36.82635 39.52331 -20.92663270955225 5.796310162053533 nan 0.21 0.25 nan 
CRSB_GPS_castroperdomo 36.66916 41.22045 -1.7230947463617632 -0.5011093816646852 nan 0.22 0.27 nan 
AYCK_GPS_castroperdomo 36.63746 40.93667 -2.5518322057196556 0.06144014940987397 nan 0.19 0.22 nan 
CEML_GPS_castroperdomo 36.47865 39.30744 -18.200360336413844 5.124275707224172 nan 0.3 0.4 nan 
TSPN_GPS_castroperdomo 36.31802 40.13619 -20.934667548473314 5.5173650854637355 nan 0.3 0.3 nan 
OGUZ_GPS_castroperdomo 36.18838 38.65116 -18.368653494344787 5.728007355280397 nan 0.4 0.4 nan 
KAVK_GPS_castroperdomo 35.9892 41.09312 -3.4212245746557457 0.1744941941753222 nan 0.19 0.23 nan 
CEYH_GPS_castroperdomo 35.83945 37.05454 -15.277151479088806 6.266997905186296 nan 0.4 0.4 nan 
TOMA_GPS_2_castroperdomo 35.82549 38.45513 -18.790527328229583 7.12816826291297 nan 0.28 0.34 nan 
YLTP_GPS_castroperdomo 35.82071 40.15785 -21.167588884528104 5.318569187025457 nan 0.17 0.2 nan 
YUMU_GPS_castroperdomo 35.79544 36.80771 -12.678041735628552 5.240690289843608 nan 0.76 0.86 nan 
HAVZ_GPS_castroperdomo 35.63904 40.90387 -13.89290740752334 2.613876964544824 nan 0.23 0.26 nan 
FELA_GPS_castroperdomo 35.56769 39.10219 -21.354722674624306 5.139926384248518 nan 0.3 0.31 nan 
VEZK_GPS_castroperdomo 35.46162 41.17573 -5.306775081322964 0.11895846557695933 nan 0.21 0.24 nan 
YAHY_GPS_castroperdomo 35.41015 38.07273 -18.845639592098106 4.233358005492322 nan 0.26 0.3 nan 
KAPI_GPS_castroperdomo 35.39182 39.44733 -20.00733685750226 2.684927456594842 nan 0.12 0.14 nan 
SUBS_GPS_castroperdomo 35.19406 38.57064 -20.370876163239455 4.051948319910309 nan 0.19 0.21 nan 
DRCI_GPS_castroperdomo 35.00667 39.96485 -22.450440378521815 3.7682255868219983 nan 0.3 0.37 nan 
BRCK_GPS_castroperdomo 34.96381 37.77881 -16.81338686913989 6.411968882521162 nan 0.29 0.3 nan 
HDRL_GPS_castroperdomo 34.87999 41.6676 -0.853103359603498 -0.8006885913530013 nan 0.23 0.26 nan 
HACI_GPS_castroperdomo 34.56769 38.93013 -20.451099457806627 3.6869231224767454 nan 0.19 0.22 nan 
MERH_GPS_castroperdomo 34.55223 36.90005 -15.13778570545164 2.808300424370442 nan 0.48 0.44 nan 
ISKL_GPS_castroperdomo 34.45853 40.72319 -18.322655508524193 0.46666899306526055 nan 0.17 0.21 nan 
UGRL_GPS_castroperdomo 34.45846 40.43943 -21.447163579021037 1.9966752584134841 nan 0.3 0.4 nan 
KARG_GPS_castroperdomo 34.44844 41.0683 -12.564468553459749 -0.3324276941198505 nan 0.24 0.28 nan 
BSKO_GPS_castroperdomo 34.36371 41.24358 -4.401253479243515 0.5151743010824834 nan 0.26 0.31 nan 
TURK_GPS_2_castroperdomo 34.3262 41.93694 -0.7365058558940909 1.0485491183520015 nan 0.15 0.17 nan 
KRKV_GPS_castroperdomo 34.29633 38.57919 -19.86469192399394 4.011240685796013 nan 0.24 0.3 nan 
KSRY_GPS_castroperdomo 34.25722 37.37681 -15.606512793773543 5.5947703981865615 nan 0.4 0.41 nan 
DGCT_GPS_2_castroperdomo 34.20212 40.89542 -15.505156276160488 -1.5702461320235201 nan 0.25 0.31 nan 
ORTA_GPS_2_castroperdomo 34.10102 38.92583 -20.51428566267281 2.3389301379311647 nan 0.17 0.21 nan 
TOSY_GPS_castroperdomo 34.05538 41.07235 -11.52170150837143 0.0030863426285652196 nan 0.22 0.25 nan 
KSKN_GPS_castroperdomo 33.89828 38.29484 -19.84678656721605 1.9374578634609652 nan 0.72 0.91 nan 
ACHY_GPS_castroperdomo 33.83614 38.41151 -20.33022496113677 3.1131703141291105 nan 0.2 0.24 nan 
SULA_GPS_castroperdomo 33.70324 40.16272 -22.993136840168535 0.7754406411104657 nan 0.4 0.6 nan 
AYRN_GPS_castroperdomo 33.70299 37.36634 -16.512673420384015 3.18546379102189 nan 0.3 0.31 nan 
KOLU_GPS_castroperdomo 33.66823 38.04993 -19.26393109750409 2.9886850409158363 nan 0.29 0.35 nan 
ILGZ_2PS_castroperdomo 33.66776 40.90451 -16.378445167201452 -0.4412713698086854 nan 0.31 0.35 nan 
CAL1_GPS_castroperdomo 33.62159 39.63064 -21.820272530142343 0.9830149790559659 nan 0.2 0.25 nan 
DGYT_GPS_castroperdomo 33.42107 41.99898 -0.1922452851425085 0.5317319088109489 nan 0.12 0.14 nan 
AZDA_GPS_castroperdomo 33.28397 41.66508 -0.42536039655893276 0.4346234929400996 nan 0.13 0.16 nan 
OKLV_GPS_castroperdomo 33.28395 38.1982 -20.645465573663607 0.6346253791390559 nan 0.18 0.2 nan 
BALA_GPS_2_castroperdomo 33.17143 39.49883 -24.159777492510447 1.9952629245099995 nan 0.21 0.24 nan 
TASP_GPS_castroperdomo 33.15747 38.44359 -21.77573454893325 1.8965862860255207 nan 0.2 0.3 nan 
ATKA_GCE_castroperdomo 33.03202 40.83425 -17.037475879687833 -1.2814858846471608 nan 0.22 0.26 nan 
TAVS_GPS_castroperdomo 33.00963 38.90111 -24.47627217182717 2.6506496972570126 nan 0.15 0.16 nan 
KZKB_GPS_castroperdomo 32.96805 37.2396 -14.280255089543983 0.4146210495424132 nan 0.3 0.3 nan 
ERME_GPS_castroperdomo 32.91573 36.61893 -15.57340503107057 -1.1803718230812184 nan 0.4 0.47 nan 
OLME_GPS_2_castroperdomo 32.75995 38.27688 -20.99096635987494 1.4346024826705932 nan 0.29 0.36 nan 
KAYI_GPS_castroperdomo 32.74439 38.76367 -22.916299025208 0.536103595775387 nan 0.2 0.3 nan 
BURU_GPS_castroperdomo 32.71298 39.12965 -24.348151616256118 0.059136792863663246 nan 0.21 0.25 nan 
KITE_GPS_castroperdomo 32.67277 40.92572 -8.145500322541423 -3.566974369974673 nan 0.17 0.21 nan 
KVBS_GPS_castroperdomo 32.60457 40.65967 -21.01258976468678 -3.060363535491536 nan 0.31 0.38 nan 
ULUS_GPS_castroperdomo 32.53271 41.52093 0.7754996213351824 1.8766224778277003 nan 0.16 0.19 nan 
KLTP_GPS_castroperdomo 32.4541 41.08853 -3.857758525046659 -1.0357113274910095 nan 0.13 0.15 nan 
CAML_GDU_castroperdomo 32.42311 40.50455 -22.03512291047696 -2.7826822456495677 nan 0.11 0.12 nan 
GUDU_GIZ_castroperdomo 32.4211 40.23592 -23.712880630738905 -2.602485646214932 nan 0.3 0.3 nan 
IMCI_GPS_castroperdomo 32.41891 40.92718 -7.31612738379857 -1.1322714222388655 nan 0.13 0.16 nan 
AMS2_GPS_2_castroperdomo 32.39168 41.74432 -1.3357710728128716 0.04039381544636811 nan 0.32 0.38 nan 
CMAL_GPS_castroperdomo 32.27773 36.73172 -15.700399260250736 -1.8484203477744696 nan 0.6 0.65 nan 
KLKS_GPS_castroperdomo 32.27556 38.50668 -22.37676164021611 -1.4982068212112303 nan 0.16 0.19 nan 
YETP_GPS_castroperdomo 32.0987 40.7721 -15.627960768611365 -1.2007399066720623 nan 0.64 0.65 nan 
DRTD_GPS_castroperdomo 32.09852 40.6544 -18.568859599649503 -3.4807220652559074 nan 0.64 0.66 nan 
KTAS_GPS_castroperdomo 32.07098 40.86334 -8.626459750332561 -0.02799078681360534 nan 0.14 0.18 nan 
YE03_GPS_castroperdomo 32.05157 40.79699 -11.007937067204281 -1.4060639605778746 nan 0.62 0.64 nan 
YUNA_GPS_castroperdomo 31.72994 38.80165 -23.020028728102037 -3.153914529128052 nan 0.56 0.55 nan 
CLTK_GIZ_castroperdomo 31.68918 39.14103 -23.99274223891178 -3.0498104769815573 nan 0.13 0.15 nan 
HUYK_GPS_castroperdomo 31.57075 37.89845 -18.508912466966443 -5.197848017607674 nan 0.6 0.61 nan 
MUDR_GPS_castroperdomo 31.23985 40.51727 -19.941012685370065 -2.95412530273318 nan 0.28 0.32 nan 
KYM2_GPS_castroperdomo 31.23201 39.51101 -23.837843995173944 -4.463320978596517 nan 0.58 0.64 nan 
YSUF_GPS_castroperdomo 31.16259 39.20068 -25.42588447784951 -2.2361882572178153 nan 0.11 0.13 nan 
CMKY_GPS_castroperdomo 30.94008 37.13367 -17.47873790976876 -5.233195734750767 nan 0.35 0.39 nan 
EGDR_GPS_castroperdomo 30.85305 37.87621 -21.258661321291207 -6.004148757363297 nan 0.21 0.25 nan 
GNUK_GPS_castroperdomo 30.77387 40.39284 -23.646192015253668 -2.3858914789003762 nan 0.17 0.19 nan 
TPRK_GPS_castroperdomo 30.63116 38.10518 -22.452896130587092 -6.010945685249148 nan 0.84 1.16 nan 
SHUT_GPS_castroperdomo 30.46767 38.53395 -23.17391933745301 -5.053723673865619 nan 0.15 0.14 nan 
ALTN_GPS_castroperdomo 30.1196 39.06288 -25.17546974862048 -5.436703110549346 nan 0.12 0.15 nan 
BZRG_GIZ_castroperdomo 29.8233 39.16571 -23.840326435003693 -4.714809041087015 nan 0.2 0.22 nan 
ESGZ_GPS_castroperdomo 29.41596 39.04027 -25.196309711380575 -6.200394080509555 nan 0.64 0.64 nan 
KYBL_GPS_castroperdomo 29.26274 36.42278 -15.499666089326148 -15.213517569637519 nan 0.81 0.81 nan 
ESME_GPS_castroperdomo 28.99386 38.50518 -24.520031641904133 -7.9036776015757395 nan 0.42 0.44 nan 
BULD_GPS_castroperdomo 28.86042 38.02062 -24.55748577083089 -11.47876279942664 nan 0.57 0.57 nan 
HRDL_GPS_castroperdomo 28.82181 38.33882 -25.810628270417475 -10.724434223678097 nan 0.76 0.81 nan 
DMCL_GPS_castroperdomo 28.74456 37.31867 -21.424918101675225 -16.31575610600386 nan 0.19 0.22 nan 
DURS_GIZ_castroperdomo 28.63483 39.61052 -24.580242395669863 -5.9833889208418505 nan 1.1 1.24 nan 
ASTP_GPS_castroperdomo 28.54848 37.87352 -24.618726987201917 -16.22362354059796 nan 0.2 0.23 nan 
BDGI_GIZ_castroperdomo 28.50623 39.37055 -24.03633891725803 -6.448834796181057 nan 0.13 0.16 nan 
KROG_GPS_castroperdomo 28.22013 38.98418 -25.6654899405446 -8.496223207411688 nan 0.17 0.2 nan 
CRKY_GIZ_castroperdomo 28.15749 41.24893 -0.08793545895047927 -1.3990403116553551 nan 0.29 0.34 nan 
BGDC_GIZ_castroperdomo 28.14316 39.38293 -24.238226661109845 -4.747394940929295 nan 0.69 0.77 nan 
ODMS_GPS_castroperdomo 28.02975 38.20004 -24.591143039431756 -13.11434488645794 nan 0.13 0.15 nan 
TRTL_GPS_castroperdomo 27.76084 38.4926 -25.764136132980845 -14.003200773813898 nan 0.21 0.25 nan 
KUSO_GPS_castroperdomo 27.59018 39.29497 -18.555595842957484 -11.763289379715319 nan 1.17 1.19 nan 
OYKD_GPS_castroperdomo 27.35784 39.04925 -25.63058334537351 -11.305999475272522 nan 0.15 0.17 nan 
YUNT_GPS_castroperdomo 27.21076 38.93518 -23.529181164356224 -11.478615570201882 nan 0.15 0.17 nan 
KOB1_GPS_castroperdomo 27.11241 39.2444 -21.464657508604972 -11.48694443310499 nan 1.19 1.23 nan 
SRKY_GPS_castroperdomo 27.08363 40.64152 -12.30467691769752 -6.343522039030559 nan 0.18 0.2 nan 
KCKR_GPS_castroperdomo 27.02078 40.00651 -20.81208196069745 -7.986037036464979 nan 0.6 0.64 nan 
HOBA_GPS_castroperdomo 26.5351 39.5797 -22.13802756180613 -5.727681007258424 nan 0.89 0.92 nan 
BDER_GPS_castroperdomo 26.18948 39.61413 -20.631362348463778 -10.085599929418983 nan 0.68 0.66 nan 
GKCD_GPS_castroperdomo 25.89381 40.23163 -15.94259370193872 -5.7892364317756035 nan 0.63 0.69 nan 
KRCY_GPS_castroperdomo 28.35116 40.20222 -21.230315748085495 -3.431198686708967 nan 0.19 0.23 nan 
MKPS_GPS_castroperdomo 28.43449 40.0198 -22.017989695117677 -5.090687525296924 nan 0.17 0.18 nan 
SMTK_GPS_castroperdomo 25.513 40.466 -3.7434678330529074 -2.7719088094692523 nan 0.6 0.58 nan 
TSAR_GPS_castroperdomo 26.268 43.599 0.29611134478141565 -0.2952004795824035 nan 0.6 0.5 nan 
EZIN_GPS_castroperdomo 26.317 39.785 -21.639187198342512 -8.421179648555622 nan 0.82 0.85 nan 
AYVA_GPS_2_castroperdomo 26.707 39.326 -22.83518296537141 -9.208439472701166 nan 0.55 0.54 nan 
KCAM_GPS_castroperdomo 26.732 39.653 -24.277244187127373 -6.531448953129325 nan 0.94 0.93 nan 
MATR_GPS_castroperdomo 27.231 31.346 -7.517528008698125 5.048987213019528 nan 0.71 0.58 nan 
ODME_GPS_castroperdomo 28.0 38.248 -22.81254593056554 -12.390913241902076 nan 0.7 0.66 nan 
GIRE_GPS_2_castroperdomo 28.923 39.93 -24.95553929751575 -0.575766196359714 nan 0.74 0.73 nan 
GEML_GPS_castroperdomo 29.146 40.46 -21.40090675344629 1.7394030609355084 nan 0.77 0.77 nan 
CATA_GPS_2_castroperdomo 29.261 40.2 -22.533830521674627 -1.4633253836681082 nan 0.78 0.78 nan 
HMZA_GPS_castroperdomo 29.514 40.164 -22.849585866525512 -0.4011440628848959 nan 0.8 0.8 nan 
YUHE_GPS_castroperdomo 29.635 40.803 -7.232884907534807 0.9856408605771811 nan 0.8 0.79 nan 
KKAP_GPS_castroperdomo 30.655 40.628 -14.786163860909124 -1.813448072402398 nan 0.57 0.58 nan 
ABOZ_GPS_castroperdomo 33.102 29.141 -7.017918622738165 5.631852495311637 nan 0.54 0.49 nan 
FG31_GPS_castroperdomo 54.52 24.383 -2.4137184568567918 16.505634656192328 nan 0.44 0.46 nan 
DAYY_GPS_castroperdomo 51.836 27.85 -1.4326399388347895 13.220446011064979 nan 1.47 1.43 nan 
3084_GPS_castroperdomo 51.551 28.191 -5.56557290918682 14.234937642335584 nan 1.42 1.08 nan 
F030_GPS_castroperdomo 49.939 26.672 -3.2507813285198317 16.52704375165493 nan 2.4 0.68 nan 
F035_GPS_castroperdomo 49.039 23.832 -2.131747306403348 15.82991640263635 nan 1.51 0.42 nan 
FG40_GPS_castroperdomo 48.087 29.083 -4.990789340431469 15.27796120316166 nan 0.55 0.38 nan 
ISB0_GPS_castroperdomo 47.796 30.487 -6.162365179986363 15.037322568889468 nan 0.43 0.41 nan 
F077_GPS_castroperdomo 45.183 21.942 -1.8390390600619924 15.207880119892051 nan 2.52 0.72 nan 
F016_GPS_2_castroperdomo 42.6 18.297 -1.0104385030471903 13.7063107247678 nan 2.23 0.63 nan 
F001_GPS_2_castroperdomo 42.546 16.888 -1.2697269223096015 13.369301881629458 nan 0.96 0.36 nan 
CNTO_GPS_castroperdomo 41.974 12.091 4.117935939484845 11.061752839594687 nan 2.28 2.24 nan 
F074_GPS_castroperdomo 41.957 16.874 -1.2012917681573967 13.412738716590567 nan 2.31 0.66 nan 
F024_GPS_2_castroperdomo 41.808 27.711 -4.108648349213215 13.911432510071789 nan 1.97 0.55 nan 
KLKY_GPS_2_castroperdomo 40.105 38.949 -17.875188699752993 3.3875224039321417 nan 0.62 0.67 nan 
KCMZ_GPS_castroperdomo 39.524 39.824 -7.713653333011436 -3.053464933103305 nan 1.39 1.69 nan 
BHRH_GPS_castroperdomo 39.477 21.406 -1.8145458740537563 12.499753464549316 nan 0.59 0.62 nan 
SRTS_GPS_castroperdomo 39.258 39.35 -19.79270635913697 3.2748729468293813 nan 1.53 1.87 nan 
F005_GPS_castroperdomo 38.817 23.491 -2.608686184818584 12.575933451885817 nan 2.53 0.72 nan 
F006_GPS_2_castroperdomo 37.316 25.058 -3.2668458679480956 12.207782312892114 nan 2.13 0.6 nan 
DD08_GPS_castroperdomo 36.976 36.27 -7.217870616718017 10.044428857483535 nan 2.07 2.14 nan 
DD07_GPS_castroperdomo 36.866 36.267 -9.303716867949746 9.623153098615433 nan 2.06 2.21 nan 
PT38_GPS_castroperdomo 36.734 37.009 -9.946992968288868 7.183688776403159 nan 1.66 1.71 nan 
DD05_GPS_castroperdomo 36.696 36.215 -7.533927077997728 7.116735233336298 nan 2.06 2.27 nan 
DD04_GPS_castroperdomo 36.638 36.216 -2.4052850244438666 11.021396683879974 nan 2.03 2.22 nan 
BB08_GPS_castroperdomo 36.421 36.002 -5.414348119668976 7.258961133846936 nan 1.99 2.04 nan 
DD01_GPS_castroperdomo 36.398 36.175 -5.76060307670782 8.090834285101984 nan 2.12 2.22 nan 
PT08_GPS_castroperdomo 36.191 36.166 -6.845716269627289 8.087791585859394 nan 1.4 1.44 nan 
PT43_GPS_castroperdomo 36.179 37.162 -15.624733782434546 8.248780076451371 nan 1.54 1.58 nan 
PT26_GPS_castroperdomo 36.101 36.243 -9.217088287522543 7.715219837956763 nan 1.76 1.78 nan 
AA10_GPS_castroperdomo 36.05 35.595 -5.501332507872725 8.079444104554259 nan 1.73 1.83 nan 
PT12_GPS_castroperdomo 36.019 35.941 -9.51652425996037 9.362017069682752 nan 1.44 1.45 nan 
PT47_GPS_castroperdomo 35.599 37.031 -15.90399161565729 5.637269167967345 nan 1.68 1.72 nan 
PETH_GPS_castroperdomo 35.455 30.265 -6.486014300861921 9.35952371466941 nan 1.22 1.2 nan 
SDOM_GPS_castroperdomo 35.385 31.08 -6.095545224309657 9.055511752964849 nan 0.26 0.26 nan 
CPRK_GPS_castroperdomo 35.038 32.741 -7.36473188515669 6.845494085738569 nan 0.34 0.34 nan 
0013_GPS_2_castroperdomo 31.68 40.83 -7.2046909867594024 -0.578885235896589 nan 1.5 2.0 nan 
BLVD_GPS_castroperdomo 31.035 38.693 -18.824685794424468 -3.9330283229892995 nan 0.8 0.92 nan 
0039_GPS_2_castroperdomo 30.63 40.65 -12.860964801915276 -2.4908238668864833 nan 1.0 1.0 nan 
0040_GPS_castroperdomo 30.52 40.35 -18.210808872187375 -5.849247715497805 nan 1.0 1.0 nan 
IMUN_GPS_castroperdomo 29.899 40.422 -22.091549665390076 -2.7529906375137454 nan 0.57 0.59 nan 
0072_GPS_castroperdomo 28.94 40.3 -15.7846566784752 2.342333977894599 nan 1.9 2.2 nan 
0082_GPS_castroperdomo 28.41 39.99 -18.63004643875212 -4.557901657768934 nan 1.0 1.2 nan 
0087_GPS_castroperdomo 28.24 38.03 -22.216789447725148 -11.388498482457354 nan 1.0 1.0 nan 
ADAM_GPS_2_castroperdomo 27.96 44.1 0.8343509967738356 0.43370618193916144 nan 0.96 1.02 nan 
0096_GPS_castroperdomo 27.84 40.39 -16.61741403787813 -2.8423980765226613 nan 1.2 1.2 nan 
IAZU_GPS_castroperdomo 27.44 44.73 2.4871340946950298 -0.7556736997672093 nan 0.68 0.72 nan 
GARO_GPS_3_castroperdomo 27.2 45.73 2.3897862633159654 0.8726594861932622 nan 0.78 0.82 nan 
MIHA_GPS_2_castroperdomo 26.69 44.92 1.6013365154171737 -1.1963916483023525 nan 0.7 0.74 nan 
GURA_GPS_2_castroperdomo 26.65 45.38 1.5579607766035224 -0.8815688396930828 nan 0.86 0.9 nan 
GRUI_GPS_castroperdomo 26.25 45.72 0.9145084324530757 0.20699826728233006 nan 0.67 0.71 nan 
FUN3_GPS_castroperdomo 25.244 45.411 0.3653288709493019 0.4518564017062392 nan 0.32 0.32 nan 
AFYN_GPS_2_castroperdomo 30.54 38.73 -23.195046310952215 -4.721356062780382 nan 0.96 1.05 nan 
PT33_GPS_castroperdomo 36.339 36.577 -10.594108842576038 7.045649382211188 nan 1.44 1.42 nan 
PT42_GPS_castroperdomo 36.105 37.227 -15.793161582469736 5.224888979424049 nan 1.43 1.42 nan 
TUAP_GPS_castroperdomo 39.0655 44.0996 -1.5020918857900618 -2.0046698080777663 nan 0.185 0.209 nan 
ABHA_GPS_castroperdomo 42.4776 18.2435 -0.7052152161681207 13.193108622270717 nan 0.3 0.24 nan 
ARRA_GPS_2_castroperdomo 41.0346 30.951 -5.149153340540568 12.668081471965145 nan 0.24 0.27 nan 
AS01_GPS_castroperdomo 42.9038 18.5392 -0.699563501900144 14.60971577618562 nan 0.36 0.5 nan 
AS99_GPS_castroperdomo 42.2754 19.5485 -1.033010571757103 13.374479089175818 nan 0.82 0.88 nan 
AULA_GPS_castroperdomo 37.924 26.6098 -3.6949733240959155 11.901337272133903 nan 0.2 0.21 nan 
BAHA_GPS_2_castroperdomo 41.4682 20.0135 -1.2937984116235555 13.14161382092501 nan 0.37 0.3 nan 
ES02_GPS_castroperdomo 49.3082 27.3135 -3.287332859823767 15.472703784857067 nan 0.41 0.43 nan 
ES09_GPS_castroperdomo 49.4963 24.8934 -4.146441614150248 15.337852020785853 nan 0.44 0.44 nan 
ES96_GPS_castroperdomo 49.5658 25.3558 -3.790079847672608 15.386098502917202 nan 0.32 0.29 nan 
HAQE_GPS_castroperdomo 34.9428 29.2992 -7.363765758893077 9.153806613566683 nan 0.29 0.32 nan 
HAQS_GPS_2_castroperdomo 34.9284 29.0553 -5.611416553487729 9.685067222705369 nan 0.23 0.24 nan 
HL01_GPS_2_castroperdomo 41.1795 27.3707 -4.342442672305733 13.189147378740156 nan 0.58 0.58 nan 
HL02_GPS_castroperdomo 42.903 28.2409 -4.559702864367033 13.899758955848162 nan 0.63 0.6 nan 
HL05_GPS_castroperdomo 41.4924 26.8745 -3.057563949843324 12.230160237147436 nan 0.39 0.6 nan 
HL97_GPS_castroperdomo 42.4779 27.4327 -3.8261791594640435 13.753091882264386 nan 0.49 0.45 nan 
JOUF_GPS_castroperdomo 40.1976 29.9618 -5.210330165891289 12.481436715867156 nan 0.49 0.41 nan 
JW04_GPS_castroperdomo 37.0957 31.4255 -7.340903549645965 11.024992651472049 nan 0.5 0.46 nan 
JZ03_GPS_castroperdomo 42.2269 17.6403 -0.8646535952451941 12.32723246165789 nan 0.48 0.45 nan 
MD02_GPS_castroperdomo 37.6064 24.3507 -3.535989202192205 11.875405607022948 nan 0.47 0.49 nan 
MD04_GPS_castroperdomo 40.8928 23.4895 -3.0499852720462286 13.076911004555548 nan 0.49 0.46 nan 
MK01_GPS_castroperdomo 39.2746 20.9886 -2.226066605920728 13.053719805854904 nan 0.47 0.45 nan 
MK03_GPS_castroperdomo 41.0803 19.1679 -0.8429235747571511 12.845254092001444 nan 0.65 0.54 nan 
MK04_GPS_castroperdomo 40.5341 20.7071 -2.3504070160340262 11.949628313437461 nan 0.93 0.77 nan 
MK77_GPS_castroperdomo 41.2028 20.9294 -0.9017387525281109 12.32771912136635 nan 0.45 0.67 nan 
MK82_GPS_castroperdomo 41.017 21.8785 -2.345741469699014 12.89917272613413 nan 0.5 0.47 nan 
MK92_GPS_castroperdomo 40.0218 22.0841 -3.190611299384237 12.543021338654363 nan 0.54 0.43 nan 
MK98_GPS_castroperdomo 39.5401 21.4513 -1.6760177186003418 11.89543474261572 nan 0.33 0.12 nan 
MUZH_GPS_castroperdomo 46.2324 24.4731 -3.2476717058810927 15.213933645791602 nan 0.44 0.3 nan 
NB01_GPS_castroperdomo 40.9099 31.0251 -5.023655047580782 12.545841690941122 nan 0.36 0.41 nan 
NJ02_GPS_2_castroperdomo 44.205 18.5335 -1.2430420758701572 13.61312573179305 nan 0.57 0.48 nan 
NJ05_GPS_2_castroperdomo 51.1019 18.8979 -1.1441202441499172 16.63273829043036 nan 0.62 0.51 nan 
QS96_GPS_castroperdomo 43.3547 25.5609 -3.9392011866131718 13.48581598180286 nan 0.35 0.37 nan 
QS97_GPS_castroperdomo 43.2906 26.0334 -4.380637552057944 13.059160313863357 nan 0.41 0.41 nan 
RY02_GPS_castroperdomo 46.1658 25.3256 -2.746470943361725 15.136580829585784 nan 0.38 0.3 nan 
RY07_GPS_castroperdomo 43.9196 23.4039 -2.853062467693743 13.627107382393026 nan 0.37 0.36 nan 
RY09_GPS_castroperdomo 44.89 20.4237 -1.4083933832470876 13.75100173822711 nan 0.42 0.3 nan 
RY11_GPS_castroperdomo 47.0941 23.5562 -2.4197116066675903 14.251420127590192 nan 0.33 0.21 nan 
RY75_GPS_castroperdomo 44.8216 26.2477 -3.6937291244047863 14.91411837673925 nan 0.37 0.44 nan 
RY82_GPS_castroperdomo 47.1725 24.3039 -3.2974986688931125 14.908622131796077 nan 0.45 0.41 nan 
RY83_GPS_castroperdomo 46.8351 24.4013 -2.6823713578235946 14.870853521755594 nan 0.36 0.3 nan 
RY92_GPS_castroperdomo 45.418 25.8618 -3.429037559208389 14.327624336654228 nan 0.34 0.34 nan 
RY94_GPS_castroperdomo 45.7944 25.5954 -3.168203069474771 14.121695853971945 nan 0.35 0.3 nan 
RY95_GPS_castroperdomo 47.1558 25.5707 -3.75256205229239 14.329215892346438 nan 0.37 0.37 nan 
SHRM_GPS_castroperdomo 35.2433 28.0369 -5.934880853263042 9.847695219294192 nan 0.55 0.54 nan 
TB01_GPS_castroperdomo 36.4769 28.381 -5.237605209708075 10.704417732692061 nan 0.26 0.35 nan 
TB03_GPS_castroperdomo 34.7401 28.4046 -5.782444297673969 9.471630034054789 nan 0.34 0.4 nan 
TB04_GPS_castroperdomo 35.5417 27.5659 -4.382549710079019 10.562135183202281 nan 0.36 0.4 nan 
TB05_GPS_castroperdomo 36.3686 26.3669 -3.9995247044185405 10.653231863663127 nan 0.41 0.5 nan 
TB06_GPS_castroperdomo 38.5441 27.6108 -5.187763518873446 9.34556495971999 nan 0.55 0.62 nan 
YRS1_GPS_castroperdomo 44.2068 15.3926 0.7199321906189411 14.753038664709411 nan 0.37 0.31 nan 
