>    # 9999 9999 9999  
28.8151 40.8777 20.0 
28.8752 40.8715 9.9109 
28.9238 40.8492 20.0 
>    # 9999 9999 9999  
30.3866 40.6426 0.0 
30.3298 40.6513 10.0733 
30.2799 40.6753 0.0 
>    # 9999 9999 9999  
27.4182 40.7775 20.0 
27.4708 40.7917 9.5967 
27.532 40.7944 20.0 
>    # 9999 9999 9999  
29.1269 40.7595 20.0 
29.2366 40.7302 20.0 
29.1794 40.7391 9.5675 
>    # 9999 9999 9999  
36.8618 40.5787 20.0 
36.8942 40.5413 8.5392 
36.9229 40.5023 20.0 
>    # 9999 9999 9999  
40.7007 39.3859 20.0 
40.7556 39.3873 9.6278 
40.8158 39.3904 20.0 
>    # 9999 9999 9999  
40.9279 39.3733 0.0 
40.8158 39.3904 0.0 
40.8642 39.3888 10.5053 
>    # 9999 9999 9999  
39.1314 39.9269 20.0 
39.1894 39.9141 9.624 
39.2394 39.8963 20.0 
>    # 9999 9999 9999  
37.0293 40.4663 0.0 
36.9829 40.479 10.5088 
36.9229 40.5023 0.0 
>    # 9999 9999 9999  
40.9279 39.3733 20.0 
40.9827 39.3593 8.5613 
41.0356 39.3415 20.0 
>    # 9999 9999 9999  
27.6482 40.8063 0.0 
27.5917 40.7993 9.8181 
27.532 40.7944 0.0 
>    # 9999 9999 9999  
28.1157 40.8163 0.0 
28.0573 40.8062 10.4134 
27.9998 40.8059 0.0 
>    # 9999 9999 9999  
40.4887 39.4503 20.0 
40.5409 39.4292 9.6012 
40.59 39.4074 20.0 
>    # 9999 9999 9999  
39.1314 39.9269 0.0 
39.0819 39.9342 10.5072 
39.0171 39.9439 0.0 
>    # 9999 9999 9999  
36.788 40.6474 20.0 
36.8311 40.6166 8.5976 
36.8618 40.5787 20.0 
>    # 9999 9999 9999  
30.1745 40.7129 0.0 
30.1186 40.7183 10.362 
30.0575 40.7209 0.0 
>    # 9999 9999 9999  
36.788 40.6474 0.0 
36.7336 40.6646 10.6272 
36.6788 40.6809 0.0 
>    # 9999 9999 9999  
37.0293 40.4663 20.0 
37.0851 40.4507 9.6984 
37.1389 40.4342 20.0 
>    # 9999 9999 9999  
30.8445 40.5709 0.0 
30.7859 40.5726 10.313 
30.7287 40.5827 0.0 
>    # 9999 9999 9999  
39.4372 39.8035 0.0 
39.3865 39.8254 11.4121 
39.3373 39.8493 0.0 
>    # 9999 9999 9999  
36.8618 40.5787 20.0 
36.8311 40.6166 8.5976 
36.8942 40.5413 8.5392 
>    # 9999 9999 9999  
38.6802 40.0151 0.0 
38.6231 40.0268 10.3927 
38.5704 40.0444 0.0 
>    # 9999 9999 9999  
34.1833 41.1092 20.0 
34.2437 41.1132 9.6557 
34.3015 41.1105 20.0 
>    # 9999 9999 9999  
30.6182 40.6125 20.0 
30.6714 40.5963 10.1551 
30.7287 40.5827 20.0 
>    # 9999 9999 9999  
39.7298 39.6591 20.0 
39.7779 39.634 9.6209 
39.8296 39.6141 20.0 
>    # 9999 9999 9999  
30.8445 40.5709 20.0 
30.8977 40.5706 9.2412 
30.962 40.5715 20.0 
>    # 9999 9999 9999  
37.9199 40.2424 20.0 
37.9762 40.2292 9.621 
38.0316 40.2166 20.0 
>    # 9999 9999 9999  
35.0122 41.1019 0.0 
34.9552 41.1023 10.347 
34.8942 41.1085 0.0 
>    # 9999 9999 9999  
29.4712 40.7258 0.0 
29.4125 40.7277 11.3911 
29.3538 40.7279 0.0 
>    # 9999 9999 9999  
27.6482 40.8063 20.0 
27.7087 40.8123 9.6621 
27.7651 40.8124 20.0 
>    # 9999 9999 9999  
34.1833 41.1092 0.0 
34.1243 41.1049 11.3869 
34.0655 41.0988 0.0 
>    # 9999 9999 9999  
29.5883 40.7312 20.0 
29.6468 40.7354 8.6136 
29.7056 40.7361 20.0 
>    # 9999 9999 9999  
34.7756 41.1104 20.0 
34.8343 41.1096 10.169 
34.8942 41.1085 20.0 
>    # 9999 9999 9999  
40.3813 39.4829 0.0 
40.3249 39.4925 11.3838 
40.2691 39.5041 0.0 
>    # 9999 9999 9999  
35.2489 41.0977 0.0 
35.1897 41.1012 10.3805 
35.1306 41.1037 0.0 
>    # 9999 9999 9999  
33.4949 40.982 20.0 
33.5549 40.9927 9.6611 
33.6091 41.0051 20.0 
>    # 9999 9999 9999  
28.6976 40.8762 0.0 
28.6389 40.8733 11.3797 
28.5802 40.8696 0.0 
>    # 9999 9999 9999  
39.6336 39.7089 0.0 
39.5874 39.736 11.3798 
39.5397 39.7616 0.0 
>    # 9999 9999 9999  
30.6182 40.6125 0.0 
30.5583 40.6222 10.3335 
30.5029 40.6299 0.0 
>    # 9999 9999 9999  
33.4949 40.982 0.0 
33.437 40.9748 9.849 
33.3778 40.9693 0.0 
>    # 9999 9999 9999  
33.8345 41.06 20.0 
33.891 41.0736 9.6368 
33.9486 41.0841 20.0 
>    # 9999 9999 9999  
31.1939 40.5996 0.0 
31.1361 40.5914 11.3775 
31.0783 40.5834 0.0 
>    # 9999 9999 9999  
31.419 40.6508 0.0 
31.363 40.6373 11.3774 
31.3069 40.6239 0.0 
>    # 9999 9999 9999  
40.0478 39.5546 0.0 
39.9924 39.5676 11.3776 
39.9371 39.5808 0.0 
>    # 9999 9999 9999  
26.4411 40.4801 20.0 
26.4961 40.4948 9.621 
26.5499 40.5121 20.0 
>    # 9999 9999 9999  
29.9399 40.7228 20.0 
30.0084 40.7217 9.543 
30.0575 40.7209 20.0 
>    # 9999 9999 9999  
38.7929 39.9922 20.0 
38.8479 39.9774 8.955 
38.9039 39.9652 20.0 
>    # 9999 9999 9999  
35.4807 41.0618 0.0 
35.4216 41.0749 10.3354 
35.3662 41.0851 0.0 
>    # 9999 9999 9999  
34.5384 41.1155 0.0 
34.4791 41.1149 11.3774 
34.42 41.1115 0.0 
>    # 9999 9999 9999  
32.9112 40.9131 20.0 
32.9699 40.9183 9.6399 
33.0285 40.9244 20.0 
>    # 9999 9999 9999  
40.0478 39.5546 20.0 
40.1044 39.5455 8.6226 
40.1606 39.5351 20.0 
>    # 9999 9999 9999  
37.8098 40.2726 0.0 
37.7547 40.2878 11.3754 
37.6987 40.3009 0.0 
>    # 9999 9999 9999  
32.5638 40.8604 0.0 
32.5066 40.8494 10.3747 
32.4494 40.8382 0.0 
>    # 9999 9999 9999  
37.2516 40.4092 0.0 
37.1964 40.4226 9.8618 
37.1389 40.4342 0.0 
>    # 9999 9999 9999  
32.795 40.8968 0.0 
32.7371 40.8879 11.3749 
32.6797 40.8776 0.0 
>    # 9999 9999 9999  
33.2604 40.9582 0.0 
33.2017 40.9525 11.3745 
33.1434 40.9452 0.0 
>    # 9999 9999 9999  
28.2305 40.8353 20.0 
28.2882 40.8438 8.6253 
28.3463 40.8503 20.0 
>    # 9999 9999 9999  
37.2516 40.4092 20.0 
37.3078 40.3961 9.7123 
37.3637 40.3826 20.0 
>    # 9999 9999 9999  
38.353 40.1095 0.0 
38.2991 40.1287 10.3674 
38.2467 40.1466 0.0 
>    # 9999 9999 9999  
33.2604 40.9582 20.0 
33.3191 40.9637 9.7132 
33.3778 40.9693 20.0 
>    # 9999 9999 9999  
31.5301 40.6802 20.0 
31.5869 40.689 9.3768 
31.6454 40.6982 20.0 
>    # 9999 9999 9999  
26.9796 40.6521 20.0 
27.0342 40.6682 9.6248 
27.0893 40.6831 20.0 
>    # 9999 9999 9999  
32.3336 40.8212 0.0 
32.2781 40.8124 10.3322 
32.218 40.8034 0.0 
>    # 9999 9999 9999  
35.4807 41.0618 20.0 
35.5374 41.0487 8.6275 
35.5938 41.0349 20.0 
>    # 9999 9999 9999  
27.1998 40.7129 20.0 
27.2549 40.728 9.6252 
27.31 40.7431 20.0 
>    # 9999 9999 9999  
36.5705 40.7163 20.0 
36.6193 40.7003 9.7868 
36.6788 40.6809 20.0 
>    # 9999 9999 9999  
29.9399 40.7228 0.0 
29.8811 40.724 11.3723 
29.8224 40.7259 0.0 
>    # 9999 9999 9999  
37.4742 40.3527 0.0 
37.4123 40.3689 10.7287 
37.3637 40.3826 0.0 
>    # 9999 9999 9999  
35.8163 40.9735 0.0 
35.7609 40.9893 11.3718 
35.7057 41.0055 0.0 
>    # 9999 9999 9999  
34.7756 41.1104 0.0 
34.7139 41.112 10.3313 
34.657 41.1139 0.0 
>    # 9999 9999 9999  
37.4742 40.3527 20.0 
37.5302 40.3393 8.6285 
37.5864 40.3267 20.0 
>    # 9999 9999 9999  
35.9273 40.9424 20.0 
35.9805 40.9243 9.3772 
36.0352 40.9056 20.0 
>    # 9999 9999 9999  
26.2189 40.4264 20.0 
26.2667 40.4392 9.5065 
26.3292 40.455 20.0 
>    # 9999 9999 9999  
26.2189 40.4264 0.0 
26.1618 40.4111 10.3317 
26.109 40.397 0.0 
>    # 9999 9999 9999  
26.7659 40.58 20.0 
26.8212 40.5967 9.634 
26.8742 40.6133 20.0 
>    # 9999 9999 9999  
32.1023 40.7858 20.0 
32.1653 40.7956 9.7879 
32.218 40.8034 20.0 
>    # 9999 9999 9999  
36.1422 40.8674 0.0 
36.0937 40.8851 10.2121 
36.0352 40.9056 0.0 
>    # 9999 9999 9999  
32.1023 40.7858 0.0 
32.0437 40.7766 10.6224 
31.987 40.7672 0.0 
>    # 9999 9999 9999  
31.7592 40.7213 20.0 
31.8161 40.7329 8.6294 
31.8732 40.744 20.0 
>    # 9999 9999 9999  
36.1422 40.8674 20.0 
36.1975 40.8471 9.6682 
36.2486 40.8284 20.0 
>    # 9999 9999 9999  
31.7592 40.7213 0.0 
31.6963 40.7084 10.4007 
31.6454 40.6982 0.0 
>    # 9999 9999 9999  
36.5705 40.7163 0.0 
36.5144 40.7347 10.3294 
36.4623 40.752 0.0 
>    # 9999 9999 9999  
29.5883 40.7312 20.0 
29.528 40.7261 8.8858 
29.6468 40.7354 8.6136 
>    # 9999 9999 9999  
29.4125 40.7277 11.3911 
29.2933 40.7261 11.0986 
29.3538 40.7279 0.0 
>    # 9999 9999 9999  
28.6976 40.8762 0.0 
28.7584 40.8793 11.0799 
28.6389 40.8733 11.3797 
>    # 9999 9999 9999  
39.6336 39.7089 0.0 
39.6815 39.6814 11.1044 
39.5874 39.736 11.3798 
>    # 9999 9999 9999  
34.1243 41.1049 11.3869 
34.0053 41.0914 11.108 
34.0655 41.0988 0.0 
>    # 9999 9999 9999  
38.8479 39.9774 8.955 
38.962 39.9534 8.9015 
38.9039 39.9652 20.0 
>    # 9999 9999 9999  
40.3813 39.4829 0.0 
40.4377 39.4683 11.0983 
40.3249 39.4925 11.3838 
>    # 9999 9999 9999  
28.2305 40.8353 20.0 
28.171 40.8264 8.9027 
28.2882 40.8438 8.6253 
>    # 9999 9999 9999  
35.5374 41.0487 8.6275 
35.6517 41.0204 8.8929 
35.5938 41.0349 20.0 
>    # 9999 9999 9999  
39.9924 39.5676 11.3776 
39.8809 39.5963 11.1028 
39.9371 39.5808 0.0 
>    # 9999 9999 9999  
37.5302 40.3393 8.6285 
37.6443 40.3135 8.8943 
37.5864 40.3267 20.0 
>    # 9999 9999 9999  
31.1361 40.5914 11.3775 
31.0187 40.5763 11.1074 
31.0783 40.5834 0.0 
>    # 9999 9999 9999  
35.8163 40.9735 0.0 
35.8737 40.958 11.1081 
35.7609 40.9893 11.3718 
>    # 9999 9999 9999  
31.8161 40.7329 8.6294 
31.9319 40.7557 8.8919 
31.8732 40.744 20.0 
>    # 9999 9999 9999  
34.4791 41.1149 11.3774 
34.359 41.1102 11.1016 
34.42 41.1115 0.0 
>    # 9999 9999 9999  
31.419 40.6508 0.0 
31.4758 40.6665 11.1139 
31.363 40.6373 11.3774 
>    # 9999 9999 9999  
32.795 40.8968 0.0 
32.855 40.9043 11.1087 
32.7371 40.8879 11.3749 
>    # 9999 9999 9999  
33.2017 40.9525 11.3745 
33.0845 40.9339 11.1095 
33.1434 40.9452 0.0 
>    # 9999 9999 9999  
39.3865 39.8254 11.4121 
39.2871 39.8721 11.1209 
39.3373 39.8493 0.0 
>    # 9999 9999 9999  
38.7929 39.9922 20.0 
38.7351 40.0045 8.9012 
38.8479 39.9774 8.955 
>    # 9999 9999 9999  
37.8098 40.2726 0.0 
37.8665 40.2577 11.1097 
37.7547 40.2878 11.3754 
>    # 9999 9999 9999  
29.8811 40.724 11.3723 
29.7624 40.7304 11.1156 
29.8224 40.7259 0.0 
>    # 9999 9999 9999  
40.1044 39.5455 8.6226 
40.2159 39.5183 8.8938 
40.1606 39.5351 20.0 
>    # 9999 9999 9999  
28.8151 40.8777 0.0 
28.7584 40.8793 11.0799 
28.6976 40.8762 0.0 
>    # 9999 9999 9999  
39.3373 39.8493 0.0 
39.2871 39.8721 11.1209 
39.2394 39.8963 0.0 
>    # 9999 9999 9999  
30.1745 40.7129 20.0 
30.2361 40.6973 9.5493 
30.2799 40.6753 20.0 
>    # 9999 9999 9999  
29.1269 40.7595 0.0 
29.0766 40.7794 11.0995 
29.0228 40.801 0.0 
>    # 9999 9999 9999  
29.3538 40.7279 0.0 
29.2933 40.7261 11.0986 
29.2366 40.7302 0.0 
>    # 9999 9999 9999  
30.3866 40.6426 20.0 
30.441 40.6373 9.3767 
30.5029 40.6299 20.0 
>    # 9999 9999 9999  
26.6575 40.5466 0.0 
26.7132 40.564 11.1076 
26.6037 40.5294 11.0399 
>    # 9999 9999 9999  
28.1157 40.8163 20.0 
28.171 40.8264 8.9027 
28.2305 40.8353 20.0 
>    # 9999 9999 9999  
33.7228 41.0301 0.0 
33.7805 41.0453 11.1094 
33.6659 41.018 11.0373 
>    # 9999 9999 9999  
38.4627 40.0788 20.0 
38.4063 40.0947 8.888 
38.5163 40.0611 8.9643 
>    # 9999 9999 9999  
37.9199 40.2424 0.0 
37.8665 40.2577 11.1097 
37.8098 40.2726 0.0 
>    # 9999 9999 9999  
29.4712 40.7258 20.0 
29.528 40.7261 8.8858 
29.5883 40.7312 20.0 
>    # 9999 9999 9999  
39.7298 39.6591 0.0 
39.6815 39.6814 11.1044 
39.6336 39.7089 0.0 
>    # 9999 9999 9999  
38.6802 40.0151 20.0 
38.7351 40.0045 8.9012 
38.7929 39.9922 20.0 
>    # 9999 9999 9999  
39.9371 39.5808 0.0 
39.8809 39.5963 11.1028 
39.8296 39.6141 0.0 
>    # 9999 9999 9999  
29.8224 40.7259 0.0 
29.7624 40.7304 11.1156 
29.7056 40.7361 0.0 
>    # 9999 9999 9999  
34.42 41.1115 0.0 
34.359 41.1102 11.1016 
34.3015 41.1105 0.0 
>    # 9999 9999 9999  
31.5301 40.6802 0.0 
31.4758 40.6665 11.1139 
31.419 40.6508 0.0 
>    # 9999 9999 9999  
33.8345 41.06 0.0 
33.7805 41.0453 11.1094 
33.7228 41.0301 0.0 
>    # 9999 9999 9999  
34.0655 41.0988 0.0 
34.0053 41.0914 11.108 
33.9486 41.0841 0.0 
>    # 9999 9999 9999  
38.353 40.1095 20.0 
38.4063 40.0947 8.888 
38.4627 40.0788 20.0 
>    # 9999 9999 9999  
40.7007 39.3859 0.0 
40.6431 39.3911 10.1255 
40.59 39.4074 0.0 
>    # 9999 9999 9999  
40.1606 39.5351 20.0 
40.2159 39.5183 8.8938 
40.2691 39.5041 20.0 
>    # 9999 9999 9999  
33.1434 40.9452 0.0 
33.0845 40.9339 11.1095 
33.0285 40.9244 0.0 
>    # 9999 9999 9999  
32.9112 40.9131 0.0 
32.855 40.9043 11.1087 
32.795 40.8968 0.0 
>    # 9999 9999 9999  
40.4887 39.4503 0.0 
40.4377 39.4683 11.0983 
40.3813 39.4829 0.0 
>    # 9999 9999 9999  
31.0783 40.5834 0.0 
31.0187 40.5763 11.1074 
30.962 40.5715 0.0 
>    # 9999 9999 9999  
35.9273 40.9424 0.0 
35.8737 40.958 11.1081 
35.8163 40.9735 0.0 
>    # 9999 9999 9999  
29.0228 40.801 0.0 
28.9728 40.8239 10.9832 
28.9238 40.8492 0.0 
>    # 9999 9999 9999  
31.8732 40.744 20.0 
31.9319 40.7557 8.8919 
31.987 40.7672 20.0 
>    # 9999 9999 9999  
26.7659 40.58 0.0 
26.7132 40.564 11.1076 
26.6575 40.5466 0.0 
>    # 9999 9999 9999  
35.5938 41.0349 20.0 
35.6517 41.0204 8.8929 
35.7057 41.0055 20.0 
>    # 9999 9999 9999  
37.5864 40.3267 20.0 
37.6443 40.3135 8.8943 
37.6987 40.3009 20.0 
>    # 9999 9999 9999  
27.4182 40.7775 0.0 
27.3629 40.7586 10.1239 
27.31 40.7431 0.0 
>    # 9999 9999 9999  
29.0228 40.801 0.0 
29.0766 40.7794 11.0995 
28.9728 40.8239 10.9832 
>    # 9999 9999 9999  
38.9039 39.9652 20.0 
38.962 39.9534 8.9015 
39.0171 39.9439 20.0 
>    # 9999 9999 9999  
38.1375 40.1786 0.0 
38.0851 40.1973 10.1086 
38.0316 40.2166 0.0 
>    # 9999 9999 9999  
27.8825 40.8116 0.0 
27.8246 40.8124 10.1163 
27.7651 40.8124 0.0 
>    # 9999 9999 9999  
27.8825 40.8116 20.0 
27.946 40.8085 9.5061 
27.9998 40.8059 20.0 
>    # 9999 9999 9999  
28.4632 40.8608 0.0 
28.4094 40.8559 10.656 
28.3463 40.8503 0.0 
>    # 9999 9999 9999  
38.4627 40.0788 20.0 
38.5163 40.0611 8.9643 
38.5704 40.0444 20.0 
>    # 9999 9999 9999  
36.3555 40.7902 20.0 
36.4112 40.7703 9.6389 
36.4623 40.752 20.0 
>    # 9999 9999 9999  
35.0122 41.1019 20.0 
35.0719 41.1042 9.8647 
35.1306 41.1037 20.0 
>    # 9999 9999 9999  
32.3336 40.8212 20.0 
32.3917 40.8302 9.8565 
32.4494 40.8382 20.0 
>    # 9999 9999 9999  
35.2489 41.0977 20.0 
35.3076 41.0933 9.861 
35.3662 41.0851 20.0 
>    # 9999 9999 9999  
26.4411 40.4801 0.0 
26.3836 40.4673 10.0977 
26.3292 40.455 0.0 
>    # 9999 9999 9999  
32.5638 40.8604 20.0 
32.6162 40.8688 9.3527 
32.6797 40.8776 20.0 
>    # 9999 9999 9999  
31.1939 40.5996 20.0 
31.2509 40.6103 9.6422 
31.3069 40.6239 20.0 
>    # 9999 9999 9999  
33.7228 41.0301 0.0 
33.6659 41.018 11.0373 
33.6091 41.0051 0.0 
>    # 9999 9999 9999  
26.6575 40.5466 0.0 
26.6037 40.5294 11.0399 
26.5499 40.5121 0.0 
>    # 9999 9999 9999  
26.9796 40.6521 0.0 
26.9273 40.6328 10.1329 
26.8742 40.6133 0.0 
>    # 9999 9999 9999  
38.1375 40.1786 20.0 
38.1978 40.162 9.4908 
38.2467 40.1466 20.0 
>    # 9999 9999 9999  
34.5384 41.1155 20.0 
34.6032 41.1156 9.35 
34.657 41.1139 20.0 
>    # 9999 9999 9999  
39.4372 39.8035 20.0 
39.4893 39.7836 9.6462 
39.5397 39.7616 20.0 
>    # 9999 9999 9999  
25.997 40.3729 20.0 
26.053 40.3847 8.9579 
26.109 40.397 20.0 
>    # 9999 9999 9999  
27.1998 40.7129 0.0 
27.1446 40.698 10.13 
27.0893 40.6831 0.0 
>    # 9999 9999 9999  
36.3555 40.7902 0.0 
36.2984 40.8106 10.6657 
36.2486 40.8284 0.0 
>    # 9999 9999 9999  
28.4632 40.8608 20.0 
28.5196 40.8656 9.6098 
28.5802 40.8696 20.0 
>    # 9999 9999 9999  
28.8752 40.8715 9.9109 
28.9728 40.8239 10.9832 
28.9238 40.8492 20.0 
>    # 9999 9999 9999  
30.3866 40.6426 0.0 
30.441 40.6373 9.3767 
30.3298 40.6513 10.0733 
>    # 9999 9999 9999  
30.3298 40.6513 10.0733 
30.2361 40.6973 9.5493 
30.2799 40.6753 0.0 
>    # 9999 9999 9999  
28.8151 40.8777 20.0 
28.7584 40.8793 11.0799 
28.8752 40.8715 9.9109 
>    # 9999 9999 9999  
27.4182 40.7775 20.0 
27.3629 40.7586 10.1239 
27.4708 40.7917 9.5967 
>    # 9999 9999 9999  
40.5409 39.4292 9.6012 
40.6431 39.3911 10.1255 
40.59 39.4074 20.0 
>    # 9999 9999 9999  
28.0573 40.8062 10.4134 
27.946 40.8085 9.5061 
27.9998 40.8059 0.0 
>    # 9999 9999 9999  
30.1745 40.7129 0.0 
30.2361 40.6973 9.5493 
30.1186 40.7183 10.362 
>    # 9999 9999 9999  
27.4708 40.7917 9.5967 
27.5917 40.7993 9.8181 
27.532 40.7944 20.0 
>    # 9999 9999 9999  
40.7007 39.3859 20.0 
40.6431 39.3911 10.1255 
40.7556 39.3873 9.6278 
>    # 9999 9999 9999  
29.1794 40.7391 9.5675 
29.2933 40.7261 11.0986 
29.2366 40.7302 20.0 
>    # 9999 9999 9999  
40.9827 39.3593 8.5613 
40.8642 39.3888 10.5053 
40.9279 39.3733 0.0 
>    # 9999 9999 9999  
29.1269 40.7595 20.0 
29.0766 40.7794 11.0995 
29.1794 40.7391 9.5675 
>    # 9999 9999 9999  
38.6231 40.0268 10.3927 
38.5163 40.0611 8.9643 
38.5704 40.0444 0.0 
>    # 9999 9999 9999  
39.1894 39.9141 9.624 
39.2871 39.8721 11.1209 
39.2394 39.8963 20.0 
>    # 9999 9999 9999  
40.8158 39.3904 0.0 
40.8642 39.3888 10.5053 
40.7556 39.3873 9.6278 
>    # 9999 9999 9999  
39.1314 39.9269 20.0 
39.0819 39.9342 10.5072 
39.1894 39.9141 9.624 
>    # 9999 9999 9999  
39.4372 39.8035 0.0 
39.4893 39.7836 9.6462 
39.3865 39.8254 11.4121 
>    # 9999 9999 9999  
37.0851 40.4507 9.6984 
36.9829 40.479 10.5088 
37.0293 40.4663 0.0 
>    # 9999 9999 9999  
40.7556 39.3873 9.6278 
40.8642 39.3888 10.5053 
40.8158 39.3904 20.0 
>    # 9999 9999 9999  
35.0122 41.1019 0.0 
35.0719 41.1042 9.8647 
34.9552 41.1023 10.347 
>    # 9999 9999 9999  
27.532 40.7944 0.0 
27.5917 40.7993 9.8181 
27.4708 40.7917 9.5967 
>    # 9999 9999 9999  
40.9279 39.3733 20.0 
40.8642 39.3888 10.5053 
40.9827 39.3593 8.5613 
>    # 9999 9999 9999  
33.5549 40.9927 9.6611 
33.6659 41.018 11.0373 
33.6091 41.0051 20.0 
>    # 9999 9999 9999  
35.1897 41.1012 10.3805 
35.0719 41.1042 9.8647 
35.1306 41.1037 0.0 
>    # 9999 9999 9999  
37.9762 40.2292 9.621 
38.0851 40.1973 10.1086 
38.0316 40.2166 20.0 
>    # 9999 9999 9999  
31.363 40.6373 11.3774 
31.2509 40.6103 9.6422 
31.3069 40.6239 0.0 
>    # 9999 9999 9999  
35.4216 41.0749 10.3354 
35.3076 41.0933 9.861 
35.3662 41.0851 0.0 
>    # 9999 9999 9999  
35.2489 41.0977 0.0 
35.3076 41.0933 9.861 
35.1897 41.1012 10.3805 
>    # 9999 9999 9999  
26.4961 40.4948 9.621 
26.6037 40.5294 11.0399 
26.5499 40.5121 20.0 
>    # 9999 9999 9999  
26.4411 40.4801 20.0 
26.3836 40.4673 10.0977 
26.4961 40.4948 9.621 
>    # 9999 9999 9999  
30.5583 40.6222 10.3335 
30.441 40.6373 9.3767 
30.5029 40.6299 0.0 
>    # 9999 9999 9999  
28.6389 40.8733 11.3797 
28.5196 40.8656 9.6098 
28.5802 40.8696 0.0 
>    # 9999 9999 9999  
34.5384 41.1155 0.0 
34.6032 41.1156 9.35 
34.4791 41.1149 11.3774 
>    # 9999 9999 9999  
28.1157 40.8163 0.0 
28.171 40.8264 8.9027 
28.0573 40.8062 10.4134 
>    # 9999 9999 9999  
31.1939 40.5996 0.0 
31.2509 40.6103 9.6422 
31.1361 40.5914 11.3775 
>    # 9999 9999 9999  
39.5874 39.736 11.3798 
39.4893 39.7836 9.6462 
39.5397 39.7616 0.0 
>    # 9999 9999 9999  
38.2991 40.1287 10.3674 
38.1978 40.162 9.4908 
38.2467 40.1466 0.0 
>    # 9999 9999 9999  
27.7087 40.8123 9.6621 
27.8246 40.8124 10.1163 
27.7651 40.8124 20.0 
>    # 9999 9999 9999  
27.2549 40.728 9.6252 
27.3629 40.7586 10.1239 
27.31 40.7431 20.0 
>    # 9999 9999 9999  
32.7371 40.8879 11.3749 
32.6162 40.8688 9.3527 
32.6797 40.8776 0.0 
>    # 9999 9999 9999  
27.0342 40.6682 9.6248 
27.1446 40.698 10.13 
27.0893 40.6831 20.0 
>    # 9999 9999 9999  
32.5638 40.8604 0.0 
32.6162 40.8688 9.3527 
32.5066 40.8494 10.3747 
>    # 9999 9999 9999  
34.7139 41.112 10.3313 
34.6032 41.1156 9.35 
34.657 41.1139 0.0 
>    # 9999 9999 9999  
32.3336 40.8212 0.0 
32.3917 40.8302 9.8565 
32.2781 40.8124 10.3322 
>    # 9999 9999 9999  
26.8212 40.5967 9.634 
26.9273 40.6328 10.1329 
26.8742 40.6133 20.0 
>    # 9999 9999 9999  
26.2667 40.4392 9.5065 
26.3836 40.4673 10.0977 
26.3292 40.455 20.0 
>    # 9999 9999 9999  
27.1998 40.7129 20.0 
27.1446 40.698 10.13 
27.2549 40.728 9.6252 
>    # 9999 9999 9999  
32.5066 40.8494 10.3747 
32.3917 40.8302 9.8565 
32.4494 40.8382 0.0 
>    # 9999 9999 9999  
26.1618 40.4111 10.3317 
26.053 40.3847 8.9579 
26.109 40.397 0.0 
>    # 9999 9999 9999  
36.1975 40.8471 9.6682 
36.2984 40.8106 10.6657 
36.2486 40.8284 20.0 
>    # 9999 9999 9999  
30.8445 40.5709 0.0 
30.8977 40.5706 9.2412 
30.7859 40.5726 10.313 
>    # 9999 9999 9999  
26.9796 40.6521 20.0 
26.9273 40.6328 10.1329 
27.0342 40.6682 9.6248 
>    # 9999 9999 9999  
30.7859 40.5726 10.313 
30.6714 40.5963 10.1551 
30.7287 40.5827 0.0 
>    # 9999 9999 9999  
39.1894 39.9141 9.624 
39.0819 39.9342 10.5072 
39.1314 39.9269 0.0 
>    # 9999 9999 9999  
27.7087 40.8123 9.6621 
27.5917 40.7993 9.8181 
27.6482 40.8063 0.0 
>    # 9999 9999 9999  
37.0293 40.4663 20.0 
36.9829 40.479 10.5088 
37.0851 40.4507 9.6984 
>    # 9999 9999 9999  
28.2882 40.8438 8.6253 
28.4094 40.8559 10.656 
28.3463 40.8503 20.0 
>    # 9999 9999 9999  
36.788 40.6474 0.0 
36.8311 40.6166 8.5976 
36.7336 40.6646 10.6272 
>    # 9999 9999 9999  
30.1186 40.7183 10.362 
30.0084 40.7217 9.543 
30.0575 40.7209 0.0 
>    # 9999 9999 9999  
36.5144 40.7347 10.3294 
36.4112 40.7703 9.6389 
36.4623 40.752 0.0 
>    # 9999 9999 9999  
34.1833 41.1092 20.0 
34.1243 41.1049 11.3869 
34.2437 41.1132 9.6557 
>    # 9999 9999 9999  
36.7336 40.6646 10.6272 
36.6193 40.7003 9.7868 
36.6788 40.6809 0.0 
>    # 9999 9999 9999  
38.6802 40.0151 0.0 
38.7351 40.0045 8.9012 
38.6231 40.0268 10.3927 
>    # 9999 9999 9999  
30.7287 40.5827 20.0 
30.6714 40.5963 10.1551 
30.7859 40.5726 10.313 
>    # 9999 9999 9999  
36.7336 40.6646 10.6272 
36.788 40.6474 20.0 
36.8311 40.6166 8.5976 
>    # 9999 9999 9999  
30.7859 40.5726 10.313 
30.8977 40.5706 9.2412 
30.8445 40.5709 20.0 
>    # 9999 9999 9999  
40.4887 39.4503 20.0 
40.4377 39.4683 11.0983 
40.5409 39.4292 9.6012 
>    # 9999 9999 9999  
37.0851 40.4507 9.6984 
37.1964 40.4226 9.8618 
37.1389 40.4342 20.0 
>    # 9999 9999 9999  
34.2437 41.1132 9.6557 
34.359 41.1102 11.1016 
34.3015 41.1105 20.0 
>    # 9999 9999 9999  
34.9552 41.1023 10.347 
34.8343 41.1096 10.169 
34.8942 41.1085 0.0 
>    # 9999 9999 9999  
39.7779 39.634 9.6209 
39.8809 39.5963 11.1028 
39.8296 39.6141 20.0 
>    # 9999 9999 9999  
34.2437 41.1132 9.6557 
34.1243 41.1049 11.3869 
34.1833 41.1092 0.0 
>    # 9999 9999 9999  
39.7298 39.6591 20.0 
39.6815 39.6814 11.1044 
39.7779 39.634 9.6209 
>    # 9999 9999 9999  
37.9199 40.2424 20.0 
37.8665 40.2577 11.1097 
37.9762 40.2292 9.621 
>    # 9999 9999 9999  
27.6482 40.8063 20.0 
27.5917 40.7993 9.8181 
27.7087 40.8123 9.6621 
>    # 9999 9999 9999  
39.0819 39.9342 10.5072 
38.962 39.9534 8.9015 
39.0171 39.9439 0.0 
>    # 9999 9999 9999  
30.5583 40.6222 10.3335 
30.6714 40.5963 10.1551 
30.6182 40.6125 20.0 
>    # 9999 9999 9999  
34.8942 41.1085 20.0 
34.8343 41.1096 10.169 
34.9552 41.1023 10.347 
>    # 9999 9999 9999  
33.4949 40.982 20.0 
33.437 40.9748 9.849 
33.5549 40.9927 9.6611 
>    # 9999 9999 9999  
34.7139 41.112 10.3313 
34.8343 41.1096 10.169 
34.7756 41.1104 20.0 
>    # 9999 9999 9999  
33.3778 40.9693 0.0 
33.437 40.9748 9.849 
33.3191 40.9637 9.7132 
>    # 9999 9999 9999  
33.5549 40.9927 9.6611 
33.437 40.9748 9.849 
33.4949 40.982 0.0 
>    # 9999 9999 9999  
35.4807 41.0618 0.0 
35.5374 41.0487 8.6275 
35.4216 41.0749 10.3354 
>    # 9999 9999 9999  
37.3078 40.3961 9.7123 
37.1964 40.4226 9.8618 
37.2516 40.4092 0.0 
>    # 9999 9999 9999  
29.8811 40.724 11.3723 
30.0084 40.7217 9.543 
29.9399 40.7228 20.0 
>    # 9999 9999 9999  
37.2516 40.4092 20.0 
37.1964 40.4226 9.8618 
37.3078 40.3961 9.7123 
>    # 9999 9999 9999  
40.0478 39.5546 0.0 
40.1044 39.5455 8.6226 
39.9924 39.5676 11.3776 
>    # 9999 9999 9999  
33.2604 40.9582 0.0 
33.3191 40.9637 9.7132 
33.2017 40.9525 11.3745 
>    # 9999 9999 9999  
39.9924 39.5676 11.3776 
40.1044 39.5455 8.6226 
40.0478 39.5546 20.0 
>    # 9999 9999 9999  
33.3191 40.9637 9.7132 
33.437 40.9748 9.849 
33.3778 40.9693 20.0 
>    # 9999 9999 9999  
33.2017 40.9525 11.3745 
33.3191 40.9637 9.7132 
33.2604 40.9582 20.0 
>    # 9999 9999 9999  
37.5302 40.3393 8.6285 
37.4123 40.3689 10.7287 
37.4742 40.3527 0.0 
>    # 9999 9999 9999  
35.4216 41.0749 10.3354 
35.5374 41.0487 8.6275 
35.4807 41.0618 20.0 
>    # 9999 9999 9999  
30.8977 40.5706 9.2412 
31.0187 40.5763 11.1074 
30.962 40.5715 20.0 
>    # 9999 9999 9999  
37.3078 40.3961 9.7123 
37.4123 40.3689 10.7287 
37.3637 40.3826 20.0 
>    # 9999 9999 9999  
32.2781 40.8124 10.3322 
32.1653 40.7956 9.7879 
32.218 40.8034 0.0 
>    # 9999 9999 9999  
36.5144 40.7347 10.3294 
36.6193 40.7003 9.7868 
36.5705 40.7163 20.0 
>    # 9999 9999 9999  
37.4742 40.3527 20.0 
37.4123 40.3689 10.7287 
37.5302 40.3393 8.6285 
>    # 9999 9999 9999  
30.0575 40.7209 20.0 
30.0084 40.7217 9.543 
30.1186 40.7183 10.362 
>    # 9999 9999 9999  
26.1618 40.4111 10.3317 
26.2667 40.4392 9.5065 
26.2189 40.4264 20.0 
>    # 9999 9999 9999  
35.9805 40.9243 9.3772 
36.0937 40.8851 10.2121 
36.0352 40.9056 20.0 
>    # 9999 9999 9999  
37.3637 40.3826 0.0 
37.4123 40.3689 10.7287 
37.3078 40.3961 9.7123 
>    # 9999 9999 9999  
31.5869 40.689 9.3768 
31.6963 40.7084 10.4007 
31.6454 40.6982 20.0 
>    # 9999 9999 9999  
26.2189 40.4264 0.0 
26.2667 40.4392 9.5065 
26.1618 40.4111 10.3317 
>    # 9999 9999 9999  
29.9399 40.7228 0.0 
30.0084 40.7217 9.543 
29.8811 40.724 11.3723 
>    # 9999 9999 9999  
36.1975 40.8471 9.6682 
36.0937 40.8851 10.2121 
36.1422 40.8674 0.0 
>    # 9999 9999 9999  
32.0437 40.7766 10.6224 
32.1653 40.7956 9.7879 
32.1023 40.7858 20.0 
>    # 9999 9999 9999  
32.1023 40.7858 0.0 
32.1653 40.7956 9.7879 
32.0437 40.7766 10.6224 
>    # 9999 9999 9999  
36.0352 40.9056 0.0 
36.0937 40.8851 10.2121 
35.9805 40.9243 9.3772 
>    # 9999 9999 9999  
31.7592 40.7213 20.0 
31.6963 40.7084 10.4007 
31.8161 40.7329 8.6294 
>    # 9999 9999 9999  
36.1422 40.8674 20.0 
36.0937 40.8851 10.2121 
36.1975 40.8471 9.6682 
>    # 9999 9999 9999  
29.6468 40.7354 8.6136 
29.7624 40.7304 11.1156 
29.7056 40.7361 20.0 
>    # 9999 9999 9999  
31.8161 40.7329 8.6294 
31.6963 40.7084 10.4007 
31.7592 40.7213 0.0 
>    # 9999 9999 9999  
32.218 40.8034 20.0 
32.1653 40.7956 9.7879 
32.2781 40.8124 10.3322 
>    # 9999 9999 9999  
36.5705 40.7163 0.0 
36.6193 40.7003 9.7868 
36.5144 40.7347 10.3294 
>    # 9999 9999 9999  
34.7756 41.1104 0.0 
34.8343 41.1096 10.169 
34.7139 41.112 10.3313 
>    # 9999 9999 9999  
31.6454 40.6982 0.0 
31.6963 40.7084 10.4007 
31.5869 40.689 9.3768 
>    # 9999 9999 9999  
40.3249 39.4925 11.3838 
40.2159 39.5183 8.8938 
40.2691 39.5041 0.0 
>    # 9999 9999 9999  
30.6182 40.6125 0.0 
30.6714 40.5963 10.1551 
30.5583 40.6222 10.3335 
>    # 9999 9999 9999  
29.4712 40.7258 0.0 
29.528 40.7261 8.8858 
29.4125 40.7277 11.3911 
>    # 9999 9999 9999  
36.6788 40.6809 20.0 
36.6193 40.7003 9.7868 
36.7336 40.6646 10.6272 
>    # 9999 9999 9999  
33.891 41.0736 9.6368 
34.0053 41.0914 11.108 
33.9486 41.0841 20.0 
>    # 9999 9999 9999  
37.1389 40.4342 0.0 
37.1964 40.4226 9.8618 
37.0851 40.4507 9.6984 
>    # 9999 9999 9999  
33.8345 41.06 20.0 
33.7805 41.0453 11.1094 
33.891 41.0736 9.6368 
>    # 9999 9999 9999  
32.9112 40.9131 20.0 
32.855 40.9043 11.1087 
32.9699 40.9183 9.6399 
>    # 9999 9999 9999  
32.9699 40.9183 9.6399 
33.0845 40.9339 11.1095 
33.0285 40.9244 20.0 
>    # 9999 9999 9999  
31.5301 40.6802 20.0 
31.4758 40.6665 11.1139 
31.5869 40.689 9.3768 
>    # 9999 9999 9999  
37.7547 40.2878 11.3754 
37.6443 40.3135 8.8943 
37.6987 40.3009 0.0 
>    # 9999 9999 9999  
38.353 40.1095 0.0 
38.4063 40.0947 8.888 
38.2991 40.1287 10.3674 
>    # 9999 9999 9999  
35.9273 40.9424 20.0 
35.8737 40.958 11.1081 
35.9805 40.9243 9.3772 
>    # 9999 9999 9999  
35.7609 40.9893 11.3718 
35.6517 41.0204 8.8929 
35.7057 41.0055 0.0 
>    # 9999 9999 9999  
32.0437 40.7766 10.6224 
31.9319 40.7557 8.8919 
31.987 40.7672 0.0 
>    # 9999 9999 9999  
26.7659 40.58 20.0 
26.7132 40.564 11.1076 
26.8212 40.5967 9.634 
>    # 9999 9999 9999  
36.8942 40.5413 8.5392 
36.9829 40.479 10.5088 
36.9229 40.5023 20.0 
>    # 9999 9999 9999  
36.9229 40.5023 0.0 
36.8942 40.5413 8.5392 
36.9829 40.479 10.5088 
>    # 9999 9999 9999  
27.946 40.8085 9.5061 
27.8246 40.8124 10.1163 
27.8825 40.8116 0.0 
>    # 9999 9999 9999  
28.5196 40.8656 9.6098 
28.4094 40.8559 10.656 
28.4632 40.8608 0.0 
>    # 9999 9999 9999  
36.2984 40.8106 10.6657 
36.4112 40.7703 9.6389 
36.3555 40.7902 20.0 
>    # 9999 9999 9999  
38.1978 40.162 9.4908 
38.0851 40.1973 10.1086 
38.1375 40.1786 0.0 
>    # 9999 9999 9999  
36.3555 40.7902 0.0 
36.4112 40.7703 9.6389 
36.2984 40.8106 10.6657 
>    # 9999 9999 9999  
28.4632 40.8608 20.0 
28.4094 40.8559 10.656 
28.5196 40.8656 9.6098 
>    # 9999 9999 9999  
27.8825 40.8116 20.0 
27.8246 40.8124 10.1163 
27.946 40.8085 9.5061 
>    # 9999 9999 9999  
38.1375 40.1786 20.0 
38.0851 40.1973 10.1086 
38.1978 40.162 9.4908 
>    # 9999 9999 9999  
40.59 39.4074 0.0 
40.6431 39.3911 10.1255 
40.5409 39.4292 9.6012 
>    # 9999 9999 9999  
30.3298 40.6513 10.0733 
30.441 40.6373 9.3767 
30.3866 40.6426 20.0 
>    # 9999 9999 9999  
30.1186 40.7183 10.362 
30.2361 40.6973 9.5493 
30.1745 40.7129 20.0 
>    # 9999 9999 9999  
28.9238 40.8492 0.0 
28.9728 40.8239 10.9832 
28.8752 40.8715 9.9109 
>    # 9999 9999 9999  
27.4708 40.7917 9.5967 
27.3629 40.7586 10.1239 
27.4182 40.7775 0.0 
>    # 9999 9999 9999  
38.0316 40.2166 0.0 
38.0851 40.1973 10.1086 
37.9762 40.2292 9.621 
>    # 9999 9999 9999  
27.9998 40.8059 20.0 
27.946 40.8085 9.5061 
28.0573 40.8062 10.4134 
>    # 9999 9999 9999  
39.2394 39.8963 0.0 
39.2871 39.8721 11.1209 
39.1894 39.9141 9.624 
>    # 9999 9999 9999  
30.2799 40.6753 20.0 
30.2361 40.6973 9.5493 
30.3298 40.6513 10.0733 
>    # 9999 9999 9999  
40.9827 39.3593 8.5613 
41.0668 39.3327 12.0246 
41.0356 39.3415 20.0 
>    # 9999 9999 9999  
38.5704 40.0444 20.0 
38.5163 40.0611 8.9643 
38.6231 40.0268 10.3927 
>    # 9999 9999 9999  
35.1306 41.1037 20.0 
35.0719 41.1042 9.8647 
35.1897 41.1012 10.3805 
>    # 9999 9999 9999  
33.6091 41.0051 0.0 
33.6659 41.018 11.0373 
33.5549 40.9927 9.6611 
>    # 9999 9999 9999  
32.2781 40.8124 10.3322 
32.3917 40.8302 9.8565 
32.3336 40.8212 20.0 
>    # 9999 9999 9999  
35.3662 41.0851 20.0 
35.3076 41.0933 9.861 
35.4216 41.0749 10.3354 
>    # 9999 9999 9999  
26.8742 40.6133 0.0 
26.9273 40.6328 10.1329 
26.8212 40.5967 9.634 
>    # 9999 9999 9999  
31.3069 40.6239 20.0 
31.2509 40.6103 9.6422 
31.363 40.6373 11.3774 
>    # 9999 9999 9999  
38.2467 40.1466 20.0 
38.1978 40.162 9.4908 
38.2991 40.1287 10.3674 
>    # 9999 9999 9999  
27.31 40.7431 0.0 
27.3629 40.7586 10.1239 
27.2549 40.728 9.6252 
>    # 9999 9999 9999  
32.4494 40.8382 20.0 
32.3917 40.8302 9.8565 
32.5066 40.8494 10.3747 
>    # 9999 9999 9999  
26.109 40.397 20.0 
26.053 40.3847 8.9579 
26.1618 40.4111 10.3317 
>    # 9999 9999 9999  
26.5499 40.5121 0.0 
26.6037 40.5294 11.0399 
26.4961 40.4948 9.621 
>    # 9999 9999 9999  
32.6797 40.8776 20.0 
32.6162 40.8688 9.3527 
32.7371 40.8879 11.3749 
>    # 9999 9999 9999  
26.3292 40.455 0.0 
26.3836 40.4673 10.0977 
26.2667 40.4392 9.5065 
>    # 9999 9999 9999  
32.5066 40.8494 10.3747 
32.6162 40.8688 9.3527 
32.5638 40.8604 20.0 
>    # 9999 9999 9999  
34.657 41.1139 20.0 
34.6032 41.1156 9.35 
34.7139 41.112 10.3313 
>    # 9999 9999 9999  
27.0893 40.6831 0.0 
27.1446 40.698 10.13 
27.0342 40.6682 9.6248 
>    # 9999 9999 9999  
34.4791 41.1149 11.3774 
34.6032 41.1156 9.35 
34.5384 41.1155 20.0 
>    # 9999 9999 9999  
36.2486 40.8284 0.0 
36.2984 40.8106 10.6657 
36.1975 40.8471 9.6682 
>    # 9999 9999 9999  
27.2549 40.728 9.6252 
27.1446 40.698 10.13 
27.1998 40.7129 0.0 
>    # 9999 9999 9999  
26.4961 40.4948 9.621 
26.3836 40.4673 10.0977 
26.4411 40.4801 0.0 
>    # 9999 9999 9999  
30.5029 40.6299 20.0 
30.441 40.6373 9.3767 
30.5583 40.6222 10.3335 
>    # 9999 9999 9999  
35.1897 41.1012 10.3805 
35.3076 41.0933 9.861 
35.2489 41.0977 20.0 
>    # 9999 9999 9999  
31.1361 40.5914 11.3775 
31.2509 40.6103 9.6422 
31.1939 40.5996 20.0 
>    # 9999 9999 9999  
28.5802 40.8696 20.0 
28.5196 40.8656 9.6098 
28.6389 40.8733 11.3797 
>    # 9999 9999 9999  
27.0342 40.6682 9.6248 
26.9273 40.6328 10.1329 
26.9796 40.6521 0.0 
>    # 9999 9999 9999  
39.5397 39.7616 20.0 
39.4893 39.7836 9.6462 
39.5874 39.736 11.3798 
>    # 9999 9999 9999  
34.9552 41.1023 10.347 
35.0719 41.1042 9.8647 
35.0122 41.1019 20.0 
>    # 9999 9999 9999  
39.3865 39.8254 11.4121 
39.4893 39.7836 9.6462 
39.4372 39.8035 20.0 
>    # 9999 9999 9999  
28.3463 40.8503 0.0 
28.4094 40.8559 10.656 
28.2882 40.8438 8.6253 
>    # 9999 9999 9999  
36.4623 40.752 20.0 
36.4112 40.7703 9.6389 
36.5144 40.7347 10.3294 
>    # 9999 9999 9999  
27.7651 40.8124 0.0 
27.8246 40.8124 10.1163 
27.7087 40.8123 9.6621 
>    # 9999 9999 9999  
40.7556 39.3873 9.6278 
40.6431 39.3911 10.1255 
40.7007 39.3859 0.0 
>    # 9999 9999 9999  
28.8752 40.8715 9.9109 
28.7584 40.8793 11.0799 
28.8151 40.8777 0.0 
>    # 9999 9999 9999  
29.2366 40.7302 0.0 
29.2933 40.7261 11.0986 
29.1794 40.7391 9.5675 
>    # 9999 9999 9999  
37.9762 40.2292 9.621 
37.8665 40.2577 11.1097 
37.9199 40.2424 0.0 
>    # 9999 9999 9999  
29.7056 40.7361 0.0 
29.7624 40.7304 11.1156 
29.6468 40.7354 8.6136 
>    # 9999 9999 9999  
31.5869 40.689 9.3768 
31.4758 40.6665 11.1139 
31.5301 40.6802 0.0 
>    # 9999 9999 9999  
38.6231 40.0268 10.3927 
38.7351 40.0045 8.9012 
38.6802 40.0151 20.0 
>    # 9999 9999 9999  
39.7779 39.634 9.6209 
39.6815 39.6814 11.1044 
39.7298 39.6591 0.0 
>    # 9999 9999 9999  
39.8296 39.6141 0.0 
39.8809 39.5963 11.1028 
39.7779 39.634 9.6209 
>    # 9999 9999 9999  
40.2691 39.5041 20.0 
40.2159 39.5183 8.8938 
40.3249 39.4925 11.3838 
>    # 9999 9999 9999  
29.1794 40.7391 9.5675 
29.0766 40.7794 11.0995 
29.1269 40.7595 0.0 
>    # 9999 9999 9999  
34.3015 41.1105 0.0 
34.359 41.1102 11.1016 
34.2437 41.1132 9.6557 
>    # 9999 9999 9999  
28.0573 40.8062 10.4134 
28.171 40.8264 8.9027 
28.1157 40.8163 20.0 
>    # 9999 9999 9999  
33.0285 40.9244 0.0 
33.0845 40.9339 11.1095 
32.9699 40.9183 9.6399 
>    # 9999 9999 9999  
38.2991 40.1287 10.3674 
38.4063 40.0947 8.888 
38.353 40.1095 20.0 
>    # 9999 9999 9999  
32.9699 40.9183 9.6399 
32.855 40.9043 11.1087 
32.9112 40.9131 0.0 
>    # 9999 9999 9999  
33.9486 41.0841 0.0 
34.0053 41.0914 11.108 
33.891 41.0736 9.6368 
>    # 9999 9999 9999  
35.9805 40.9243 9.3772 
35.8737 40.958 11.1081 
35.9273 40.9424 0.0 
>    # 9999 9999 9999  
31.987 40.7672 20.0 
31.9319 40.7557 8.8919 
32.0437 40.7766 10.6224 
>    # 9999 9999 9999  
33.891 41.0736 9.6368 
33.7805 41.0453 11.1094 
33.8345 41.06 0.0 
>    # 9999 9999 9999  
30.962 40.5715 0.0 
31.0187 40.5763 11.1074 
30.8977 40.5706 9.2412 
>    # 9999 9999 9999  
35.7057 41.0055 20.0 
35.6517 41.0204 8.8929 
35.7609 40.9893 11.3718 
>    # 9999 9999 9999  
26.8212 40.5967 9.634 
26.7132 40.564 11.1076 
26.7659 40.58 0.0 
>    # 9999 9999 9999  
37.6987 40.3009 20.0 
37.6443 40.3135 8.8943 
37.7547 40.2878 11.3754 
>    # 9999 9999 9999  
29.4125 40.7277 11.3911 
29.528 40.7261 8.8858 
29.4712 40.7258 20.0 
>    # 9999 9999 9999  
40.5409 39.4292 9.6012 
40.4377 39.4683 11.0983 
40.4887 39.4503 0.0 
>    # 9999 9999 9999  
39.0171 39.9439 20.0 
38.962 39.9534 8.9015 
39.0819 39.9342 10.5072 
>    # 9999 9999 9999  
25.997 40.3729 20.0 
25.9662 40.3663 12.1247 
26.053 40.3847 8.9579 
>    # 9999 9999 9999  
28.9238 40.8492 20.0 
28.9728 40.8239 10.9832 
29.0228 40.801 20.0 
>    # 9999 9999 9999  
30.2799 40.6753 0.0 
30.1745 40.7129 0.0 
30.2361 40.6973 9.5493 
>    # 9999 9999 9999  
30.5029 40.6299 0.0 
30.441 40.6373 9.3767 
30.3866 40.6426 0.0 
>    # 9999 9999 9999  
28.9728 40.8239 10.9832 
29.0766 40.7794 11.0995 
29.0228 40.801 20.0 
>    # 9999 9999 9999  
28.6976 40.8762 20.0 
28.7584 40.8793 11.0799 
28.8151 40.8777 20.0 
>    # 9999 9999 9999  
26.6037 40.5294 11.0399 
26.7132 40.564 11.1076 
26.6575 40.5466 20.0 
>    # 9999 9999 9999  
27.31 40.7431 20.0 
27.3629 40.7586 10.1239 
27.4182 40.7775 20.0 
>    # 9999 9999 9999  
33.6659 41.018 11.0373 
33.7805 41.0453 11.1094 
33.7228 41.0301 20.0 
>    # 9999 9999 9999  
40.59 39.4074 20.0 
40.7007 39.3859 20.0 
40.6431 39.3911 10.1255 
>    # 9999 9999 9999  
38.5163 40.0611 8.9643 
38.4063 40.0947 8.888 
38.4627 40.0788 0.0 
>    # 9999 9999 9999  
27.9998 40.8059 0.0 
27.946 40.8085 9.5061 
27.8825 40.8116 0.0 
>    # 9999 9999 9999  
38.5704 40.0444 0.0 
38.5163 40.0611 8.9643 
38.4627 40.0788 0.0 
>    # 9999 9999 9999  
35.1306 41.1037 0.0 
35.0719 41.1042 9.8647 
35.0122 41.1019 0.0 
>    # 9999 9999 9999  
29.0228 40.801 20.0 
29.0766 40.7794 11.0995 
29.1269 40.7595 20.0 
>    # 9999 9999 9999  
33.6091 41.0051 20.0 
33.6659 41.018 11.0373 
33.7228 41.0301 20.0 
>    # 9999 9999 9999  
39.5397 39.7616 0.0 
39.4893 39.7836 9.6462 
39.4372 39.8035 0.0 
>    # 9999 9999 9999  
31.3069 40.6239 0.0 
31.2509 40.6103 9.6422 
31.1939 40.5996 0.0 
>    # 9999 9999 9999  
29.2366 40.7302 20.0 
29.2933 40.7261 11.0986 
29.3538 40.7279 20.0 
>    # 9999 9999 9999  
35.3662 41.0851 0.0 
35.3076 41.0933 9.861 
35.2489 41.0977 0.0 
>    # 9999 9999 9999  
26.3292 40.455 20.0 
26.3836 40.4673 10.0977 
26.4411 40.4801 20.0 
>    # 9999 9999 9999  
26.5499 40.5121 20.0 
26.6037 40.5294 11.0399 
26.6575 40.5466 20.0 
>    # 9999 9999 9999  
34.657 41.1139 0.0 
34.6032 41.1156 9.35 
34.5384 41.1155 0.0 
>    # 9999 9999 9999  
28.5802 40.8696 0.0 
28.5196 40.8656 9.6098 
28.4632 40.8608 0.0 
>    # 9999 9999 9999  
38.2467 40.1466 0.0 
38.1978 40.162 9.4908 
38.1375 40.1786 0.0 
>    # 9999 9999 9999  
27.0893 40.6831 20.0 
27.1446 40.698 10.13 
27.1998 40.7129 20.0 
>    # 9999 9999 9999  
26.8742 40.6133 20.0 
26.9273 40.6328 10.1329 
26.9796 40.6521 20.0 
>    # 9999 9999 9999  
36.2486 40.8284 20.0 
36.2984 40.8106 10.6657 
36.3555 40.7902 20.0 
>    # 9999 9999 9999  
32.6797 40.8776 0.0 
32.6162 40.8688 9.3527 
32.5638 40.8604 0.0 
>    # 9999 9999 9999  
26.109 40.397 0.0 
26.053 40.3847 8.9579 
25.997 40.3729 0.0 
>    # 9999 9999 9999  
27.7651 40.8124 20.0 
27.8246 40.8124 10.1163 
27.8825 40.8116 20.0 
>    # 9999 9999 9999  
32.4494 40.8382 0.0 
32.3917 40.8302 9.8565 
32.3336 40.8212 0.0 
>    # 9999 9999 9999  
28.3463 40.8503 20.0 
28.4094 40.8559 10.656 
28.4632 40.8608 20.0 
>    # 9999 9999 9999  
38.0316 40.2166 20.0 
38.0851 40.1973 10.1086 
38.1375 40.1786 20.0 
>    # 9999 9999 9999  
28.2305 40.8353 0.0 
28.171 40.8264 8.9027 
28.1157 40.8163 0.0 
>    # 9999 9999 9999  
36.4623 40.752 0.0 
36.4112 40.7703 9.6389 
36.3555 40.7902 0.0 
>    # 9999 9999 9999  
38.7929 39.9922 0.0 
38.7351 40.0045 8.9012 
38.6802 40.0151 0.0 
>    # 9999 9999 9999  
39.2394 39.8963 20.0 
39.2871 39.8721 11.1209 
39.3373 39.8493 20.0 
>    # 9999 9999 9999  
34.3015 41.1105 20.0 
34.359 41.1102 11.1016 
34.42 41.1115 20.0 
>    # 9999 9999 9999  
39.8296 39.6141 20.0 
39.8809 39.5963 11.1028 
39.9371 39.5808 20.0 
>    # 9999 9999 9999  
39.6336 39.7089 20.0 
39.6815 39.6814 11.1044 
39.7298 39.6591 20.0 
>    # 9999 9999 9999  
28.6389 40.8733 11.3797 
28.7584 40.8793 11.0799 
28.6976 40.8762 20.0 
>    # 9999 9999 9999  
40.3813 39.4829 20.0 
40.4377 39.4683 11.0983 
40.4887 39.4503 20.0 
>    # 9999 9999 9999  
37.8098 40.2726 20.0 
37.8665 40.2577 11.1097 
37.9199 40.2424 20.0 
>    # 9999 9999 9999  
39.0171 39.9439 0.0 
38.962 39.9534 8.9015 
38.9039 39.9652 0.0 
>    # 9999 9999 9999  
40.2691 39.5041 0.0 
40.2159 39.5183 8.8938 
40.1606 39.5351 0.0 
>    # 9999 9999 9999  
33.9486 41.0841 20.0 
34.0053 41.0914 11.108 
34.0655 41.0988 20.0 
>    # 9999 9999 9999  
33.7228 41.0301 20.0 
33.7805 41.0453 11.1094 
33.8345 41.06 20.0 
>    # 9999 9999 9999  
29.5883 40.7312 0.0 
29.528 40.7261 8.8858 
29.4712 40.7258 0.0 
>    # 9999 9999 9999  
37.6987 40.3009 0.0 
37.6443 40.3135 8.8943 
37.5864 40.3267 0.0 
>    # 9999 9999 9999  
30.962 40.5715 20.0 
31.0187 40.5763 11.1074 
31.0783 40.5834 20.0 
>    # 9999 9999 9999  
35.7057 41.0055 0.0 
35.6517 41.0204 8.8929 
35.5938 41.0349 0.0 
>    # 9999 9999 9999  
32.795 40.8968 20.0 
32.855 40.9043 11.1087 
32.9112 40.9131 20.0 
>    # 9999 9999 9999  
26.6575 40.5466 20.0 
26.7132 40.564 11.1076 
26.7659 40.58 20.0 
>    # 9999 9999 9999  
33.0285 40.9244 20.0 
33.0845 40.9339 11.1095 
33.1434 40.9452 20.0 
>    # 9999 9999 9999  
35.8163 40.9735 20.0 
35.8737 40.958 11.1081 
35.9273 40.9424 20.0 
>    # 9999 9999 9999  
31.987 40.7672 0.0 
31.9319 40.7557 8.8919 
31.8732 40.744 0.0 
>    # 9999 9999 9999  
29.7056 40.7361 20.0 
29.7624 40.7304 11.1156 
29.8224 40.7259 20.0 
>    # 9999 9999 9999  
38.4627 40.0788 0.0 
38.4063 40.0947 8.888 
38.353 40.1095 0.0 
>    # 9999 9999 9999  
31.419 40.6508 20.0 
31.4758 40.6665 11.1139 
31.5301 40.6802 20.0 
>    # 9999 9999 9999  
29.6468 40.7354 8.6136 
29.528 40.7261 8.8858 
29.5883 40.7312 0.0 
>    # 9999 9999 9999  
28.2882 40.8438 8.6253 
28.171 40.8264 8.9027 
28.2305 40.8353 0.0 
>    # 9999 9999 9999  
38.9039 39.9652 0.0 
38.962 39.9534 8.9015 
38.8479 39.9774 8.955 
>    # 9999 9999 9999  
29.3538 40.7279 20.0 
29.2933 40.7261 11.0986 
29.4125 40.7277 11.3911 
>    # 9999 9999 9999  
37.5864 40.3267 0.0 
37.6443 40.3135 8.8943 
37.5302 40.3393 8.6285 
>    # 9999 9999 9999  
35.5938 41.0349 0.0 
35.6517 41.0204 8.8929 
35.5374 41.0487 8.6275 
>    # 9999 9999 9999  
39.5874 39.736 11.3798 
39.6815 39.6814 11.1044 
39.6336 39.7089 20.0 
>    # 9999 9999 9999  
39.9371 39.5808 20.0 
39.8809 39.5963 11.1028 
39.9924 39.5676 11.3776 
>    # 9999 9999 9999  
31.8732 40.744 0.0 
31.9319 40.7557 8.8919 
31.8161 40.7329 8.6294 
>    # 9999 9999 9999  
35.7609 40.9893 11.3718 
35.8737 40.958 11.1081 
35.8163 40.9735 20.0 
>    # 9999 9999 9999  
34.42 41.1115 20.0 
34.359 41.1102 11.1016 
34.4791 41.1149 11.3774 
>    # 9999 9999 9999  
40.3249 39.4925 11.3838 
40.4377 39.4683 11.0983 
40.3813 39.4829 20.0 
>    # 9999 9999 9999  
38.8479 39.9774 8.955 
38.7351 40.0045 8.9012 
38.7929 39.9922 0.0 
>    # 9999 9999 9999  
31.0783 40.5834 20.0 
31.0187 40.5763 11.1074 
31.1361 40.5914 11.3775 
>    # 9999 9999 9999  
34.0655 41.0988 20.0 
34.0053 41.0914 11.108 
34.1243 41.1049 11.3869 
>    # 9999 9999 9999  
32.7371 40.8879 11.3749 
32.855 40.9043 11.1087 
32.795 40.8968 20.0 
>    # 9999 9999 9999  
33.1434 40.9452 20.0 
33.0845 40.9339 11.1095 
33.2017 40.9525 11.3745 
>    # 9999 9999 9999  
31.363 40.6373 11.3774 
31.4758 40.6665 11.1139 
31.419 40.6508 20.0 
>    # 9999 9999 9999  
37.7547 40.2878 11.3754 
37.8665 40.2577 11.1097 
37.8098 40.2726 20.0 
>    # 9999 9999 9999  
40.1606 39.5351 0.0 
40.2159 39.5183 8.8938 
40.1044 39.5455 8.6226 
>    # 9999 9999 9999  
29.8224 40.7259 20.0 
29.7624 40.7304 11.1156 
29.8811 40.724 11.3723 
>    # 9999 9999 9999  
39.3373 39.8493 20.0 
39.2871 39.8721 11.1209 
39.3865 39.8254 11.4121 
>    # 9999 9999 9999  
36.8618 40.5787 0.0 
36.788 40.6474 0.0 
36.8311 40.6166 8.5976 
>    # 9999 9999 9999  
39.0171 39.9439 20.0 
39.0819 39.9342 10.5072 
39.1314 39.9269 20.0 
>    # 9999 9999 9999  
40.8158 39.3904 0.0 
40.7556 39.3873 9.6278 
40.7007 39.3859 0.0 
>    # 9999 9999 9999  
27.532 40.7944 20.0 
27.5917 40.7993 9.8181 
27.6482 40.8063 20.0 
>    # 9999 9999 9999  
37.1389 40.4342 0.0 
37.0851 40.4507 9.6984 
37.0293 40.4663 0.0 
>    # 9999 9999 9999  
40.59 39.4074 0.0 
40.5409 39.4292 9.6012 
40.4887 39.4503 0.0 
>    # 9999 9999 9999  
36.6788 40.6809 20.0 
36.7336 40.6646 10.6272 
36.788 40.6474 20.0 
>    # 9999 9999 9999  
41.0356 39.3415 0.0 
40.9827 39.3593 8.5613 
40.9279 39.3733 0.0 
>    # 9999 9999 9999  
36.9229 40.5023 0.0 
36.8942 40.5413 8.5392 
36.8618 40.5787 0.0 
>    # 9999 9999 9999  
30.962 40.5715 0.0 
30.8977 40.5706 9.2412 
30.8445 40.5709 0.0 
>    # 9999 9999 9999  
39.3373 39.8493 20.0 
39.3865 39.8254 11.4121 
39.4372 39.8035 20.0 
>    # 9999 9999 9999  
30.0575 40.7209 20.0 
30.1186 40.7183 10.362 
30.1745 40.7129 20.0 
>    # 9999 9999 9999  
34.8942 41.1085 0.0 
34.8343 41.1096 10.169 
34.7756 41.1104 0.0 
>    # 9999 9999 9999  
29.3538 40.7279 20.0 
29.4125 40.7277 11.3911 
29.4712 40.7258 20.0 
>    # 9999 9999 9999  
28.5802 40.8696 20.0 
28.6389 40.8733 11.3797 
28.6976 40.8762 20.0 
>    # 9999 9999 9999  
35.1306 41.1037 20.0 
35.1897 41.1012 10.3805 
35.2489 41.0977 20.0 
>    # 9999 9999 9999  
34.0655 41.0988 20.0 
34.1243 41.1049 11.3869 
34.1833 41.1092 20.0 
>    # 9999 9999 9999  
31.0783 40.5834 20.0 
31.1361 40.5914 11.3775 
31.1939 40.5996 20.0 
>    # 9999 9999 9999  
31.3069 40.6239 20.0 
31.363 40.6373 11.3774 
31.419 40.6508 20.0 
>    # 9999 9999 9999  
30.0575 40.7209 0.0 
30.0084 40.7217 9.543 
29.9399 40.7228 0.0 
>    # 9999 9999 9999  
39.9371 39.5808 20.0 
39.9924 39.5676 11.3776 
40.0478 39.5546 20.0 
>    # 9999 9999 9999  
32.4494 40.8382 20.0 
32.5066 40.8494 10.3747 
32.5638 40.8604 20.0 
>    # 9999 9999 9999  
33.0285 40.9244 0.0 
32.9699 40.9183 9.6399 
32.9112 40.9131 0.0 
>    # 9999 9999 9999  
33.3778 40.9693 0.0 
33.3191 40.9637 9.7132 
33.2604 40.9582 0.0 
>    # 9999 9999 9999  
31.6454 40.6982 0.0 
31.5869 40.689 9.3768 
31.5301 40.6802 0.0 
>    # 9999 9999 9999  
27.31 40.7431 0.0 
27.2549 40.728 9.6252 
27.1998 40.7129 0.0 
>    # 9999 9999 9999  
36.6788 40.6809 0.0 
36.6193 40.7003 9.7868 
36.5705 40.7163 0.0 
>    # 9999 9999 9999  
37.3637 40.3826 0.0 
37.3078 40.3961 9.7123 
37.2516 40.4092 0.0 
>    # 9999 9999 9999  
36.0352 40.9056 0.0 
35.9805 40.9243 9.3772 
35.9273 40.9424 0.0 
>    # 9999 9999 9999  
39.5397 39.7616 20.0 
39.5874 39.736 11.3798 
39.6336 39.7089 20.0 
>    # 9999 9999 9999  
35.5938 41.0349 0.0 
35.5374 41.0487 8.6275 
35.4807 41.0618 0.0 
>    # 9999 9999 9999  
35.7057 41.0055 20.0 
35.7609 40.9893 11.3718 
35.8163 40.9735 20.0 
>    # 9999 9999 9999  
32.218 40.8034 20.0 
32.2781 40.8124 10.3322 
32.3336 40.8212 20.0 
>    # 9999 9999 9999  
29.8224 40.7259 20.0 
29.8811 40.724 11.3723 
29.9399 40.7228 20.0 
>    # 9999 9999 9999  
26.109 40.397 20.0 
26.1618 40.4111 10.3317 
26.2189 40.4264 20.0 
>    # 9999 9999 9999  
34.657 41.1139 20.0 
34.7139 41.112 10.3313 
34.7756 41.1104 20.0 
>    # 9999 9999 9999  
32.218 40.8034 0.0 
32.1653 40.7956 9.7879 
32.1023 40.7858 0.0 
>    # 9999 9999 9999  
36.2486 40.8284 0.0 
36.1975 40.8471 9.6682 
36.1422 40.8674 0.0 
>    # 9999 9999 9999  
30.5029 40.6299 20.0 
30.5583 40.6222 10.3335 
30.6182 40.6125 20.0 
>    # 9999 9999 9999  
37.5864 40.3267 0.0 
37.5302 40.3393 8.6285 
37.4742 40.3527 0.0 
>    # 9999 9999 9999  
33.1434 40.9452 20.0 
33.2017 40.9525 11.3745 
33.2604 40.9582 20.0 
>    # 9999 9999 9999  
31.8732 40.744 0.0 
31.8161 40.7329 8.6294 
31.7592 40.7213 0.0 
>    # 9999 9999 9999  
36.4623 40.752 20.0 
36.5144 40.7347 10.3294 
36.5705 40.7163 20.0 
>    # 9999 9999 9999  
31.6454 40.6982 20.0 
31.6963 40.7084 10.4007 
31.7592 40.7213 20.0 
>    # 9999 9999 9999  
36.0352 40.9056 20.0 
36.0937 40.8851 10.2121 
36.1422 40.8674 20.0 
>    # 9999 9999 9999  
31.987 40.7672 20.0 
32.0437 40.7766 10.6224 
32.1023 40.7858 20.0 
>    # 9999 9999 9999  
26.8742 40.6133 0.0 
26.8212 40.5967 9.634 
26.7659 40.58 0.0 
>    # 9999 9999 9999  
26.3292 40.455 0.0 
26.2667 40.4392 9.5065 
26.2189 40.4264 0.0 
>    # 9999 9999 9999  
32.6797 40.8776 20.0 
32.7371 40.8879 11.3749 
32.795 40.8968 20.0 
>    # 9999 9999 9999  
37.6987 40.3009 20.0 
37.7547 40.2878 11.3754 
37.8098 40.2726 20.0 
>    # 9999 9999 9999  
35.3662 41.0851 20.0 
35.4216 41.0749 10.3354 
35.4807 41.0618 20.0 
>    # 9999 9999 9999  
37.3637 40.3826 20.0 
37.4123 40.3689 10.7287 
37.4742 40.3527 20.0 
>    # 9999 9999 9999  
33.3778 40.9693 20.0 
33.437 40.9748 9.849 
33.4949 40.982 20.0 
>    # 9999 9999 9999  
27.0893 40.6831 0.0 
27.0342 40.6682 9.6248 
26.9796 40.6521 0.0 
>    # 9999 9999 9999  
28.3463 40.8503 0.0 
28.2882 40.8438 8.6253 
28.2305 40.8353 0.0 
>    # 9999 9999 9999  
38.2467 40.1466 20.0 
38.2991 40.1287 10.3674 
38.353 40.1095 20.0 
>    # 9999 9999 9999  
34.42 41.1115 20.0 
34.4791 41.1149 11.3774 
34.5384 41.1155 20.0 
>    # 9999 9999 9999  
37.1389 40.4342 20.0 
37.1964 40.4226 9.8618 
37.2516 40.4092 20.0 
>    # 9999 9999 9999  
38.9039 39.9652 0.0 
38.8479 39.9774 8.955 
38.7929 39.9922 0.0 
>    # 9999 9999 9999  
40.1606 39.5351 0.0 
40.1044 39.5455 8.6226 
40.0478 39.5546 0.0 
>    # 9999 9999 9999  
30.7287 40.5827 0.0 
30.6714 40.5963 10.1551 
30.6182 40.6125 0.0 
>    # 9999 9999 9999  
26.5499 40.5121 0.0 
26.4961 40.4948 9.621 
26.4411 40.4801 0.0 
>    # 9999 9999 9999  
40.2691 39.5041 20.0 
40.3249 39.4925 11.3838 
40.3813 39.4829 20.0 
>    # 9999 9999 9999  
33.9486 41.0841 0.0 
33.891 41.0736 9.6368 
33.8345 41.06 0.0 
>    # 9999 9999 9999  
29.7056 40.7361 0.0 
29.6468 40.7354 8.6136 
29.5883 40.7312 0.0 
>    # 9999 9999 9999  
33.6091 41.0051 0.0 
33.5549 40.9927 9.6611 
33.4949 40.982 0.0 
>    # 9999 9999 9999  
27.7651 40.8124 0.0 
27.7087 40.8123 9.6621 
27.6482 40.8063 0.0 
>    # 9999 9999 9999  
34.8942 41.1085 20.0 
34.9552 41.1023 10.347 
35.0122 41.1019 20.0 
>    # 9999 9999 9999  
39.8296 39.6141 0.0 
39.7779 39.634 9.6209 
39.7298 39.6591 0.0 
>    # 9999 9999 9999  
34.3015 41.1105 0.0 
34.2437 41.1132 9.6557 
34.1833 41.1092 0.0 
>    # 9999 9999 9999  
38.0316 40.2166 0.0 
37.9762 40.2292 9.621 
37.9199 40.2424 0.0 
>    # 9999 9999 9999  
38.5704 40.0444 20.0 
38.6231 40.0268 10.3927 
38.6802 40.0151 20.0 
>    # 9999 9999 9999  
30.7287 40.5827 20.0 
30.7859 40.5726 10.313 
30.8445 40.5709 20.0 
>    # 9999 9999 9999  
27.9998 40.8059 20.0 
28.1157 40.8163 20.0 
28.0573 40.8062 10.4134 
>    # 9999 9999 9999  
40.8158 39.3904 20.0 
40.8642 39.3888 10.5053 
40.9279 39.3733 20.0 
>    # 9999 9999 9999  
36.9229 40.5023 20.0 
36.9829 40.479 10.5088 
37.0293 40.4663 20.0 
>    # 9999 9999 9999  
36.8942 40.5413 8.5392 
36.8311 40.6166 8.5976 
36.8618 40.5787 0.0 
>    # 9999 9999 9999  
29.2366 40.7302 0.0 
29.1794 40.7391 9.5675 
29.1269 40.7595 0.0 
>    # 9999 9999 9999  
39.2394 39.8963 0.0 
39.1894 39.9141 9.624 
39.1314 39.9269 0.0 
>    # 9999 9999 9999  
27.532 40.7944 0.0 
27.4182 40.7775 0.0 
27.4708 40.7917 9.5967 
>    # 9999 9999 9999  
30.2799 40.6753 20.0 
30.3866 40.6426 20.0 
30.3298 40.6513 10.0733 
>    # 9999 9999 9999  
28.9238 40.8492 0.0 
28.8151 40.8777 0.0 
28.8752 40.8715 9.9109 
>    # 9999 9999 9999  
41.0356 39.3415 20.0 
41.0668 39.3327 12.0246 
41.1429 39.3102 20.0 
>    # 9999 9999 9999  
25.8849 40.349 20.0 
25.9662 40.3663 12.1247 
25.997 40.3729 20.0 
>    # 9999 9999 9999  
41.1429 39.3102 20.0 
41.0668 39.3327 12.0246 
41.1429 39.3102 10.0 
>    # 9999 9999 9999  
26.053 40.3847 8.9579 
25.9593 40.3649 5.908 
25.997 40.3729 0.0 
>    # 9999 9999 9999  
25.8849 40.349 10.0 
25.9662 40.3663 12.1247 
25.8849 40.349 20.0 
>    # 9999 9999 9999  
25.9662 40.3663 12.1247 
25.9593 40.3649 5.908 
26.053 40.3847 8.9579 
>    # 9999 9999 9999  
41.0356 39.3415 0.0 
41.0739 39.3309 5.7744 
40.9827 39.3593 8.5613 
>    # 9999 9999 9999  
40.9827 39.3593 8.5613 
41.0739 39.3309 5.7744 
41.0668 39.3327 12.0246 
>    # 9999 9999 9999  
41.1429 39.3102 10.0 
41.0739 39.3309 5.7744 
41.1429 39.3102 0.0 
>    # 9999 9999 9999  
25.8849 40.349 0.0 
25.9593 40.3649 5.908 
25.8849 40.349 10.0 
>    # 9999 9999 9999  
41.1429 39.3102 0.0 
41.0739 39.3309 5.7744 
41.0356 39.3415 0.0 
>    # 9999 9999 9999  
25.997 40.3729 0.0 
25.9593 40.3649 5.908 
25.8849 40.349 0.0 
>    # 9999 9999 9999  
41.0668 39.3327 12.0246 
41.0739 39.3309 5.7744 
41.1429 39.3102 10.0 
>    # 9999 9999 9999  
25.8849 40.349 10.0 
25.9593 40.3649 5.908 
25.9662 40.3663 12.1247 
