>    # 9999 9999 9999  
36.2046 36.2417 20.0 
36.2314 36.2731 8.4854 
36.2596 36.3153 20.0 
>    # 9999 9999 9999  
36.1132 36.0868 20.0 
36.1418 36.1426 9.4594 
36.1532 36.1667 20.0 
>    # 9999 9999 9999  
36.048 36.0188 0.0 
36.0151 35.985 11.7323 
35.9865 35.9487 0.0 
>    # 9999 9999 9999  
35.8493 35.7158 20.0 
35.8668 35.7565 9.569 
35.8869 35.7964 20.0 
>    # 9999 9999 9999  
35.8493 35.7158 0.0 
35.8319 35.6752 9.8286 
35.8144 35.6344 0.0 
>    # 9999 9999 9999  
35.9366 35.8725 0.0 
35.9117 35.8344 9.8412 
35.8869 35.7964 0.0 
>    # 9999 9999 9999  
35.7075 35.3009 0.0 
35.695 35.259 11.7135 
35.6808 35.2175 0.0 
>    # 9999 9999 9999  
35.78 35.5528 20.0 
35.7966 35.593 9.5239 
35.8144 35.6344 20.0 
>    # 9999 9999 9999  
35.7558 35.4689 0.0 
35.744 35.4268 11.7108 
35.7321 35.3848 0.0 
>    # 9999 9999 9999  
36.048 36.0188 0.0 
36.0821 36.0537 11.3328 
36.0151 35.985 11.7323 
>    # 9999 9999 9999  
35.7558 35.4689 0.0 
35.7682 35.5129 11.3099 
35.744 35.4268 11.7108 
>    # 9999 9999 9999  
36.1132 36.0868 0.0 
36.0821 36.0537 11.3328 
36.048 36.0188 0.0 
>    # 9999 9999 9999  
35.78 35.5528 0.0 
35.7682 35.5129 11.3099 
35.7558 35.4689 0.0 
>    # 9999 9999 9999  
35.9366 35.8725 20.0 
35.9615 35.9105 9.5661 
35.9865 35.9487 20.0 
>    # 9999 9999 9999  
35.7075 35.3009 20.0 
35.7201 35.3428 9.5627 
35.7321 35.3848 20.0 
>    # 9999 9999 9999  
36.2314 36.2731 8.4854 
36.2726 36.3378 12.0656 
36.2596 36.3153 20.0 
>    # 9999 9999 9999  
36.0151 35.985 11.7323 
35.9615 35.9105 9.5661 
35.9865 35.9487 0.0 
>    # 9999 9999 9999  
35.7075 35.3009 0.0 
35.7201 35.3428 9.5627 
35.695 35.259 11.7135 
>    # 9999 9999 9999  
35.744 35.4268 11.7108 
35.7201 35.3428 9.5627 
35.7321 35.3848 0.0 
>    # 9999 9999 9999  
35.9615 35.9105 9.5661 
35.9117 35.8344 9.8412 
35.9366 35.8725 0.0 
>    # 9999 9999 9999  
36.1746 36.2061 11.7656 
36.2314 36.2731 8.4854 
36.2046 36.2417 20.0 
>    # 9999 9999 9999  
36.1532 36.1667 20.0 
36.1418 36.1426 9.4594 
36.1746 36.2061 11.7656 
>    # 9999 9999 9999  
35.695 35.259 11.7135 
35.6716 35.1943 7.9569 
35.6808 35.2175 0.0 
>    # 9999 9999 9999  
35.8493 35.7158 20.0 
35.8319 35.6752 9.8286 
35.8668 35.7565 9.569 
>    # 9999 9999 9999  
35.8668 35.7565 9.569 
35.9117 35.8344 9.8412 
35.8869 35.7964 20.0 
>    # 9999 9999 9999  
35.8668 35.7565 9.569 
35.8319 35.6752 9.8286 
35.8493 35.7158 0.0 
>    # 9999 9999 9999  
35.8144 35.6344 0.0 
35.8319 35.6752 9.8286 
35.7966 35.593 9.5239 
>    # 9999 9999 9999  
35.8869 35.7964 0.0 
35.9117 35.8344 9.8412 
35.8668 35.7565 9.569 
>    # 9999 9999 9999  
35.7966 35.593 9.5239 
35.8319 35.6752 9.8286 
35.8144 35.6344 20.0 
>    # 9999 9999 9999  
36.1132 36.0868 20.0 
36.0821 36.0537 11.3328 
36.1418 36.1426 9.4594 
>    # 9999 9999 9999  
35.78 35.5528 20.0 
35.7682 35.5129 11.3099 
35.7966 35.593 9.5239 
>    # 9999 9999 9999  
35.9865 35.9487 20.0 
35.9615 35.9105 9.5661 
36.0151 35.985 11.7323 
>    # 9999 9999 9999  
35.7321 35.3848 20.0 
35.7201 35.3428 9.5627 
35.744 35.4268 11.7108 
>    # 9999 9999 9999  
35.695 35.259 11.7135 
35.7201 35.3428 9.5627 
35.7075 35.3009 20.0 
>    # 9999 9999 9999  
35.9366 35.8725 20.0 
35.9117 35.8344 9.8412 
35.9615 35.9105 9.5661 
>    # 9999 9999 9999  
36.1418 36.1426 9.4594 
36.1132 36.0868 0.0 
36.0821 36.0537 11.3328 
>    # 9999 9999 9999  
35.7966 35.593 9.5239 
35.7682 35.5129 11.3099 
35.78 35.5528 0.0 
>    # 9999 9999 9999  
35.9865 35.9487 0.0 
35.9615 35.9105 9.5661 
35.9366 35.8725 0.0 
>    # 9999 9999 9999  
35.7321 35.3848 0.0 
35.7201 35.3428 9.5627 
35.7075 35.3009 0.0 
>    # 9999 9999 9999  
35.7558 35.4689 20.0 
35.7682 35.5129 11.3099 
35.78 35.5528 20.0 
>    # 9999 9999 9999  
36.048 36.0188 20.0 
36.0821 36.0537 11.3328 
36.1132 36.0868 20.0 
>    # 9999 9999 9999  
35.744 35.4268 11.7108 
35.7682 35.5129 11.3099 
35.7558 35.4689 20.0 
>    # 9999 9999 9999  
36.2596 36.3153 20.0 
36.2726 36.3378 12.0656 
36.3048 36.3935 20.0 
>    # 9999 9999 9999  
36.0151 35.985 11.7323 
36.0821 36.0537 11.3328 
36.048 36.0188 20.0 
>    # 9999 9999 9999  
35.6808 35.2175 0.0 
35.6716 35.1943 7.9569 
35.6483 35.1355 0.0 
>    # 9999 9999 9999  
35.8144 35.6344 20.0 
35.8319 35.6752 9.8286 
35.8493 35.7158 20.0 
>    # 9999 9999 9999  
35.8869 35.7964 20.0 
35.9117 35.8344 9.8412 
35.9366 35.8725 20.0 
>    # 9999 9999 9999  
36.1532 36.1667 0.0 
36.1418 36.1426 9.4594 
36.1132 36.0868 0.0 
>    # 9999 9999 9999  
35.7321 35.3848 20.0 
35.744 35.4268 11.7108 
35.7558 35.4689 20.0 
>    # 9999 9999 9999  
35.8144 35.6344 0.0 
35.7966 35.593 9.5239 
35.78 35.5528 0.0 
>    # 9999 9999 9999  
35.6808 35.2175 20.0 
35.695 35.259 11.7135 
35.7075 35.3009 20.0 
>    # 9999 9999 9999  
35.8869 35.7964 0.0 
35.8668 35.7565 9.569 
35.8493 35.7158 0.0 
>    # 9999 9999 9999  
36.2596 36.3153 0.0 
36.2314 36.2731 8.4854 
36.2046 36.2417 0.0 
>    # 9999 9999 9999  
35.9865 35.9487 20.0 
36.0151 35.985 11.7323 
36.048 36.0188 20.0 
>    # 9999 9999 9999  
36.1532 36.1667 20.0 
36.1746 36.2061 11.7656 
36.2046 36.2417 20.0 
>    # 9999 9999 9999  
36.3048 36.3935 20.0 
36.2726 36.3378 12.0656 
36.3048 36.3935 10.0 
>    # 9999 9999 9999  
35.6483 35.1355 0.0 
35.6716 35.1943 7.9569 
35.6483 35.1355 10.0 
>    # 9999 9999 9999  
36.1746 36.2061 11.7656 
36.1746 36.2061 4.9109 
36.2314 36.2731 8.4854 
>    # 9999 9999 9999  
36.1418 36.1426 9.4594 
36.1746 36.2061 4.9109 
36.1746 36.2061 11.7656 
>    # 9999 9999 9999  
36.1532 36.1667 0.0 
36.1746 36.2061 4.9109 
36.1418 36.1426 9.4594 
>    # 9999 9999 9999  
36.2314 36.2731 8.4854 
36.1746 36.2061 4.9109 
36.2046 36.2417 0.0 
>    # 9999 9999 9999  
36.2596 36.3153 0.0 
36.2711 36.3352 5.9755 
36.2314 36.2731 8.4854 
>    # 9999 9999 9999  
35.6808 35.2175 20.0 
35.6694 35.1887 14.5099 
35.695 35.259 11.7135 
>    # 9999 9999 9999  
36.2314 36.2731 8.4854 
36.2711 36.3352 5.9755 
36.2726 36.3378 12.0656 
>    # 9999 9999 9999  
36.3048 36.3935 10.0 
36.2711 36.3352 5.9755 
36.3048 36.3935 0.0 
>    # 9999 9999 9999  
35.6483 35.1355 10.0 
35.6694 35.1887 14.5099 
35.6483 35.1355 20.0 
>    # 9999 9999 9999  
35.695 35.259 11.7135 
35.6694 35.1887 14.5099 
35.6716 35.1943 7.9569 
>    # 9999 9999 9999  
36.3048 36.3935 0.0 
36.2711 36.3352 5.9755 
36.2596 36.3153 0.0 
>    # 9999 9999 9999  
35.6483 35.1355 20.0 
35.6694 35.1887 14.5099 
35.6808 35.2175 20.0 
>    # 9999 9999 9999  
36.2046 36.2417 0.0 
36.1532 36.1667 0.0 
36.1746 36.2061 4.9109 
>    # 9999 9999 9999  
36.2726 36.3378 12.0656 
36.2711 36.3352 5.9755 
36.3048 36.3935 10.0 
>    # 9999 9999 9999  
35.6716 35.1943 7.9569 
35.6694 35.1887 14.5099 
35.6483 35.1355 10.0 
