>    # 9999 9999 9999  
44.0978 37.8446 14.5907 
44.0949 37.9472 14.4371 
44.1568 37.8602 22.8547 
>    # 9999 9999 9999  
44.1108 37.631 15.8099 
44.1223 37.545 15.6155 
44.0513 37.6226 7.5322 
>    # 9999 9999 9999  
44.1223 37.545 15.6155 
44.0569 37.5356 7.0981 
44.0513 37.6226 7.5322 
>    # 9999 9999 9999  
44.0939 38.2922 23.0695 
44.0378 38.2104 13.9437 
44.0152 38.2986 13.8769 
>    # 9999 9999 9999  
42.242 39.2725 30.0 
42.3523 39.2492 30.0 
42.231 39.2134 20.7807 
>    # 9999 9999 9999  
42.837 39.0328 13.7665 
42.9396 39.0678 22.7119 
42.9451 39.0021 13.6916 
>    # 9999 9999 9999  
42.231 39.2134 20.7807 
42.3523 39.2492 30.0 
42.3179 39.1874 19.645 
>    # 9999 9999 9999  
44.0949 37.9472 14.4371 
44.1548 37.949 22.7803 
44.1568 37.8602 22.8547 
>    # 9999 9999 9999  
44.252 36.7228 0.0 
44.2791 36.7849 6.6189 
44.357 36.6903 8.0648 
>    # 9999 9999 9999  
41.9504 39.2754 21.8645 
42.0673 39.2566 22.3754 
41.9644 39.2168 13.278 
>    # 9999 9999 9999  
42.4297 39.0803 7.1394 
42.5103 39.1202 15.7029 
42.5421 39.0563 7.1494 
>    # 9999 9999 9999  
43.3546 38.8889 13.9885 
43.2635 38.9139 13.8677 
43.3616 38.9498 22.8103 
>    # 9999 9999 9999  
43.2635 38.9139 13.8677 
43.2573 38.9817 23.1472 
43.3616 38.9498 22.8103 
>    # 9999 9999 9999  
42.0673 39.2566 22.3754 
42.0665 39.2013 13.8651 
41.9644 39.2168 13.278 
>    # 9999 9999 9999  
41.3651 39.3667 16.7511 
41.5039 39.375 23.1582 
41.4432 39.3249 13.8191 
>    # 9999 9999 9999  
41.5039 39.375 23.1582 
41.3651 39.3667 16.7511 
41.407 39.4044 23.6326 
>    # 9999 9999 9999  
44.0378 38.2104 13.9437 
44.0939 38.2922 23.0695 
44.1088 38.2025 22.1855 
>    # 9999 9999 9999  
44.4392 36.7162 17.6691 
44.4609 36.6418 15.0 
44.357 36.6903 8.0648 
>    # 9999 9999 9999  
41.4448 39.2764 7.0534 
41.5396 39.3157 16.1702 
41.551 39.2535 7.0821 
>    # 9999 9999 9999  
42.3959 39.1376 14.6558 
42.4089 39.1918 23.1952 
42.5038 39.1752 23.75 
>    # 9999 9999 9999  
44.4347 36.812 23.3807 
44.4392 36.7162 17.6691 
44.3644 36.7556 12.9695 
>    # 9999 9999 9999  
41.5396 39.3157 16.1702 
41.4448 39.2764 7.0534 
41.4432 39.3249 13.8191 
>    # 9999 9999 9999  
44.3553 36.8269 16.6644 
44.4347 36.812 23.3807 
44.3644 36.7556 12.9695 
>    # 9999 9999 9999  
42.5103 39.1202 15.7029 
42.3959 39.1376 14.6558 
42.5038 39.1752 23.75 
>    # 9999 9999 9999  
41.5396 39.3157 16.1702 
41.6508 39.2902 15.5616 
41.551 39.2535 7.0821 
>    # 9999 9999 9999  
42.7119 39.1242 22.8043 
42.7343 39.0612 14.0855 
42.6172 39.0878 14.2863 
>    # 9999 9999 9999  
41.655 39.2336 6.9856 
41.6508 39.2902 15.5616 
41.7618 39.269 15.4743 
>    # 9999 9999 9999  
44.162 37.2759 15.5982 
44.2189 37.2389 22.863 
44.1667 37.1661 15.0712 
>    # 9999 9999 9999  
43.0421 39.0215 20.2252 
43.1644 38.9622 16.7277 
43.0476 38.9699 13.1993 
>    # 9999 9999 9999  
43.1644 38.9622 16.7277 
43.0421 39.0215 20.2252 
43.152 39.0156 23.7321 
>    # 9999 9999 9999  
41.655 39.2336 6.9856 
41.7618 39.269 15.4743 
41.7695 39.2128 7.062 
>    # 9999 9999 9999  
44.4085 36.604 7.5 
44.3041 36.6445 0.0 
44.357 36.6903 8.0648 
>    # 9999 9999 9999  
42.9396 39.0678 22.7119 
42.837 39.0328 13.7665 
42.8253 39.0917 21.6422 
>    # 9999 9999 9999  
42.7119 39.1242 22.8043 
42.6172 39.0878 14.2863 
42.6059 39.1445 22.4231 
>    # 9999 9999 9999  
42.5103 39.1202 15.7029 
42.4297 39.0803 7.1394 
42.3959 39.1376 14.6558 
>    # 9999 9999 9999  
43.7139 38.7926 19.7593 
43.6287 38.7852 13.3999 
43.6173 38.838 18.1629 
>    # 9999 9999 9999  
44.209 37.0836 16.4436 
44.1179 37.0921 7.0059 
44.1667 37.1661 15.0712 
>    # 9999 9999 9999  
43.7008 38.6637 6.9969 
43.6992 38.739 13.2001 
43.7823 38.649 13.365 
>    # 9999 9999 9999  
41.6508 39.2902 15.5616 
41.655 39.2336 6.9856 
41.551 39.2535 7.0821 
>    # 9999 9999 9999  
41.7618 39.269 15.4743 
41.8773 39.245 15.0982 
41.7695 39.2128 7.062 
>    # 9999 9999 9999  
44.3041 36.6445 0.0 
44.252 36.7228 0.0 
44.357 36.6903 8.0648 
>    # 9999 9999 9999  
44.1371 38.118 23.0592 
44.0598 38.122 13.937 
44.1088 38.2025 22.1855 
>    # 9999 9999 9999  
44.4609 36.6418 15.0 
44.4085 36.604 7.5 
44.357 36.6903 8.0648 
>    # 9999 9999 9999  
43.9381 38.3412 6.3158 
43.9651 38.4049 13.1082 
44.0152 38.2986 13.8769 
>    # 9999 9999 9999  
43.7823 38.649 13.365 
43.6992 38.739 13.2001 
43.7863 38.7167 18.4249 
>    # 9999 9999 9999  
41.8773 39.245 15.0982 
41.8799 39.1917 6.9918 
41.7695 39.2128 7.062 
>    # 9999 9999 9999  
44.3561 36.5661 0.0 
44.3041 36.6445 0.0 
44.4085 36.604 7.5 
>    # 9999 9999 9999  
44.1571 37.6806 22.4614 
44.0985 37.7682 14.504 
44.1565 37.7773 22.6083 
>    # 9999 9999 9999  
44.162 37.2759 15.5982 
44.1667 37.1661 15.0712 
44.1143 37.2321 8.714 
>    # 9999 9999 9999  
44.0985 37.7682 14.504 
44.1571 37.6806 22.4614 
44.0898 37.6897 13.0821 
>    # 9999 9999 9999  
44.1099 38.0389 17.4644 
44.1548 37.949 22.7803 
44.0949 37.9472 14.4371 
>    # 9999 9999 9999  
42.7925 39.1548 30.0 
42.902 39.1301 30.0 
42.8253 39.0917 21.6422 
>    # 9999 9999 9999  
42.9451 39.0021 13.6916 
42.9396 39.0678 22.7119 
43.0421 39.0215 20.2252 
>    # 9999 9999 9999  
43.6667 38.8557 23.2542 
43.7139 38.7926 19.7593 
43.6173 38.838 18.1629 
>    # 9999 9999 9999  
44.0598 38.122 13.937 
44.0378 38.2104 13.9437 
44.1088 38.2025 22.1855 
>    # 9999 9999 9999  
43.6992 38.739 13.2001 
43.6287 38.7852 13.3999 
43.7139 38.7926 19.7593 
>    # 9999 9999 9999  
43.5726 38.8909 22.9773 
43.5318 38.838 13.9292 
43.4518 38.8836 17.1281 
>    # 9999 9999 9999  
43.766 38.5757 6.8084 
43.6816 38.588 0.0 
43.7008 38.6637 6.9969 
>    # 9999 9999 9999  
41.4448 39.2764 7.0534 
41.3382 39.3106 7.8402 
41.4432 39.3249 13.8191 
>    # 9999 9999 9999  
41.3382 39.3106 7.8402 
41.3651 39.3667 16.7511 
41.4432 39.3249 13.8191 
>    # 9999 9999 9999  
42.3523 39.2492 30.0 
42.4089 39.1918 23.1952 
42.3179 39.1874 19.645 
>    # 9999 9999 9999  
41.4448 39.2764 7.0534 
41.3662 39.2474 0.0 
41.3382 39.3106 7.8402 
>    # 9999 9999 9999  
44.0152 38.2986 13.8769 
43.9651 38.4049 13.1082 
44.042 38.3703 19.2038 
>    # 9999 9999 9999  
44.0985 37.7682 14.504 
44.0978 37.8446 14.5907 
44.1565 37.7773 22.6083 
>    # 9999 9999 9999  
42.5103 39.1202 15.7029 
42.6172 39.0878 14.2863 
42.5421 39.0563 7.1494 
>    # 9999 9999 9999  
44.357 36.6903 8.0648 
44.2791 36.7849 6.6189 
44.3644 36.7556 12.9695 
>    # 9999 9999 9999  
43.2573 38.9817 23.1472 
43.2635 38.9139 13.8677 
43.1644 38.9622 16.7277 
>    # 9999 9999 9999  
41.2554 39.3836 15.0 
41.3651 39.3667 16.7511 
41.3382 39.3106 7.8402 
>    # 9999 9999 9999  
44.1565 37.7773 22.6083 
44.0978 37.8446 14.5907 
44.1568 37.8602 22.8547 
>    # 9999 9999 9999  
42.7343 39.0612 14.0855 
42.7119 39.1242 22.8043 
42.8253 39.0917 21.6422 
>    # 9999 9999 9999  
43.3546 38.8889 13.9885 
43.3616 38.9498 22.8103 
43.4518 38.8836 17.1281 
>    # 9999 9999 9999  
44.1179 37.0921 7.0059 
44.209 37.0836 16.4436 
44.1789 37.016 9.9614 
>    # 9999 9999 9999  
43.766 38.5757 6.8084 
43.7008 38.6637 6.9969 
43.7823 38.649 13.365 
>    # 9999 9999 9999  
41.2582 39.2763 0.0 
41.2028 39.3444 7.5 
41.3382 39.3106 7.8402 
>    # 9999 9999 9999  
44.3644 36.7556 12.9695 
44.2791 36.7849 6.6189 
44.2907 36.8492 11.8658 
>    # 9999 9999 9999  
44.2189 37.2389 22.863 
44.242 37.1444 22.92 
44.1667 37.1661 15.0712 
>    # 9999 9999 9999  
44.1607 38.2572 30.0 
44.1823 38.17 30.0 
44.1088 38.2025 22.1855 
>    # 9999 9999 9999  
41.3662 39.2474 0.0 
41.2582 39.2763 0.0 
41.3382 39.3106 7.8402 
>    # 9999 9999 9999  
43.4721 38.9232 23.4885 
43.5726 38.8909 22.9773 
43.4518 38.8836 17.1281 
>    # 9999 9999 9999  
44.3207 37.1147 30.0 
44.2834 37.0517 22.959 
44.242 37.1444 22.92 
>    # 9999 9999 9999  
41.909 39.3361 30.0 
42.0202 39.3152 30.0 
41.9504 39.2754 21.8645 
>    # 9999 9999 9999  
41.2028 39.3444 7.5 
41.2554 39.3836 15.0 
41.3382 39.3106 7.8402 
>    # 9999 9999 9999  
44.4392 36.7162 17.6691 
44.357 36.6903 8.0648 
44.3644 36.7556 12.9695 
>    # 9999 9999 9999  
44.1548 37.949 22.7803 
44.1099 38.0389 17.4644 
44.1645 38.0376 24.3533 
>    # 9999 9999 9999  
43.9702 38.2417 6.8062 
43.9381 38.3412 6.3158 
44.0152 38.2986 13.8769 
>    # 9999 9999 9999  
41.1501 39.3052 0.0 
41.2028 39.3444 7.5 
41.2582 39.2763 0.0 
>    # 9999 9999 9999  
44.3553 36.8269 16.6644 
44.3644 36.7556 12.9695 
44.2907 36.8492 11.8658 
>    # 9999 9999 9999  
44.0598 38.122 13.937 
44.1371 38.118 23.0592 
44.1099 38.0389 17.4644 
>    # 9999 9999 9999  
43.3305 38.796 0.0 
43.2949 38.8564 7.0508 
43.4133 38.8248 7.3327 
>    # 9999 9999 9999  
42.902 39.1301 30.0 
42.9396 39.0678 22.7119 
42.8253 39.0917 21.6422 
>    # 9999 9999 9999  
44.0939 38.2922 23.0695 
44.0152 38.2986 13.8769 
44.042 38.3703 19.2038 
>    # 9999 9999 9999  
43.5318 38.838 13.9292 
43.4133 38.8248 7.3327 
43.4518 38.8836 17.1281 
>    # 9999 9999 9999  
42.837 39.0328 13.7665 
42.7343 39.0612 14.0855 
42.8253 39.0917 21.6422 
>    # 9999 9999 9999  
43.3616 38.9498 22.8103 
43.4721 38.9232 23.4885 
43.4518 38.8836 17.1281 
>    # 9999 9999 9999  
41.5039 39.375 23.1582 
41.5396 39.3157 16.1702 
41.4432 39.3249 13.8191 
>    # 9999 9999 9999  
43.4133 38.8248 7.3327 
43.3546 38.8889 13.9885 
43.4518 38.8836 17.1281 
>    # 9999 9999 9999  
42.7119 39.1242 22.8043 
42.7925 39.1548 30.0 
42.8253 39.0917 21.6422 
>    # 9999 9999 9999  
43.6816 38.588 0.0 
43.6199 38.6621 0.0 
43.7008 38.6637 6.9969 
>    # 9999 9999 9999  
44.0978 37.8446 14.5907 
44.0465 37.8945 7.5693 
44.0949 37.9472 14.4371 
>    # 9999 9999 9999  
43.7863 38.7167 18.4249 
43.8716 38.6771 23.415 
43.8574 38.6222 18.3264 
>    # 9999 9999 9999  
44.1667 37.1661 15.0712 
44.1179 37.0921 7.0059 
44.0988 37.1628 5.8894 
>    # 9999 9999 9999  
43.4133 38.8248 7.3327 
43.2949 38.8564 7.0508 
43.3546 38.8889 13.9885 
>    # 9999 9999 9999  
41.84 39.2999 22.454 
41.909 39.3361 30.0 
41.9504 39.2754 21.8645 
>    # 9999 9999 9999  
43.7823 38.649 13.365 
43.7863 38.7167 18.4249 
43.8574 38.6222 18.3264 
>    # 9999 9999 9999  
44.3249 36.9724 23.0815 
44.2996 36.9093 16.5951 
44.2465 36.9987 16.4314 
>    # 9999 9999 9999  
44.2837 37.1984 30.0 
44.3207 37.1147 30.0 
44.242 37.1444 22.92 
>    # 9999 9999 9999  
44.0469 37.7974 7.3743 
43.9932 37.8422 0.0 
44.0465 37.8945 7.5693 
>    # 9999 9999 9999  
44.2834 37.0517 22.959 
44.209 37.0836 16.4436 
44.242 37.1444 22.92 
>    # 9999 9999 9999  
44.1823 38.17 30.0 
44.1371 38.118 23.0592 
44.1088 38.2025 22.1855 
>    # 9999 9999 9999  
43.5318 38.838 13.9292 
43.5726 38.8909 22.9773 
43.6173 38.838 18.1629 
>    # 9999 9999 9999  
42.3959 39.1376 14.6558 
42.4297 39.0803 7.1394 
42.3195 39.1026 6.9777 
>    # 9999 9999 9999  
42.5725 39.2022 30.0 
42.6826 39.1786 30.0 
42.6059 39.1445 22.4231 
>    # 9999 9999 9999  
44.0939 38.2922 23.0695 
44.1607 38.2572 30.0 
44.1088 38.2025 22.1855 
>    # 9999 9999 9999  
44.4099 36.9525 30.0 
44.3822 36.8889 23.2446 
44.3249 36.9724 23.0815 
>    # 9999 9999 9999  
43.4372 38.7657 0.0 
43.3305 38.796 0.0 
43.4133 38.8248 7.3327 
>    # 9999 9999 9999  
41.7978 39.3569 30.0 
41.909 39.3361 30.0 
41.84 39.2999 22.454 
>    # 9999 9999 9999  
43.846 38.5648 13.3249 
43.9075 38.4849 13.3848 
43.8223 38.4988 6.5942 
>    # 9999 9999 9999  
41.6508 39.2902 15.5616 
41.729 39.3243 23.0175 
41.7618 39.269 15.4743 
>    # 9999 9999 9999  
42.6826 39.1786 30.0 
42.7119 39.1242 22.8043 
42.6059 39.1445 22.4231 
>    # 9999 9999 9999  
43.9036 38.2797 0.0 
43.9381 38.3412 6.3158 
43.9702 38.2417 6.8062 
>    # 9999 9999 9999  
42.0202 39.3152 30.0 
42.0673 39.2566 22.3754 
41.9504 39.2754 21.8645 
>    # 9999 9999 9999  
44.0469 37.7974 7.3743 
44.0465 37.8945 7.5693 
44.0978 37.8446 14.5907 
>    # 9999 9999 9999  
42.2815 39.1573 13.9598 
42.3959 39.1376 14.6558 
42.3195 39.1026 6.9777 
>    # 9999 9999 9999  
44.3249 36.9724 23.0815 
44.3822 36.8889 23.2446 
44.2996 36.9093 16.5951 
>    # 9999 9999 9999  
43.6287 38.7852 13.3999 
43.615 38.7281 6.5307 
43.5303 38.7805 6.4656 
>    # 9999 9999 9999  
44.1842 36.9374 6.7615 
44.1789 37.016 9.9614 
44.2398 36.9392 12.7171 
>    # 9999 9999 9999  
43.9932 37.8422 0.0 
43.9903 37.931 0.0 
44.0465 37.8945 7.5693 
>    # 9999 9999 9999  
43.766 38.5757 6.8084 
43.7823 38.649 13.365 
43.846 38.5648 13.3249 
>    # 9999 9999 9999  
41.6163 39.3456 23.0755 
41.729 39.3243 23.0175 
41.6508 39.2902 15.5616 
>    # 9999 9999 9999  
43.5318 38.838 13.9292 
43.5303 38.7805 6.4656 
43.4133 38.8248 7.3327 
>    # 9999 9999 9999  
44.1571 37.6806 22.4614 
44.1108 37.631 15.8099 
44.0898 37.6897 13.0821 
>    # 9999 9999 9999  
44.3584 37.0311 30.0 
44.4099 36.9525 30.0 
44.3249 36.9724 23.0815 
>    # 9999 9999 9999  
43.6287 38.7852 13.3999 
43.5303 38.7805 6.4656 
43.5318 38.838 13.9292 
>    # 9999 9999 9999  
41.729 39.3243 23.0175 
41.7978 39.3569 30.0 
41.84 39.2999 22.454 
>    # 9999 9999 9999  
43.9381 38.3412 6.3158 
43.88 38.4225 6.566 
43.9651 38.4049 13.1082 
>    # 9999 9999 9999  
41.5039 39.375 23.1582 
41.5774 39.4038 30.0 
41.6163 39.3456 23.0755 
>    # 9999 9999 9999  
42.6059 39.1445 22.4231 
42.6172 39.0878 14.2863 
42.5103 39.1202 15.7029 
>    # 9999 9999 9999  
44.2907 36.8492 11.8658 
44.2275 36.8596 6.4465 
44.2398 36.9392 12.7171 
>    # 9999 9999 9999  
41.5039 39.375 23.1582 
41.6163 39.3456 23.0755 
41.5396 39.3157 16.1702 
>    # 9999 9999 9999  
44.042 38.3703 19.2038 
43.9651 38.4049 13.1082 
43.978 38.4604 18.1193 
>    # 9999 9999 9999  
43.3546 38.8889 13.9885 
43.2949 38.8564 7.0508 
43.2635 38.9139 13.8677 
>    # 9999 9999 9999  
44.1789 37.016 9.9614 
44.2465 36.9987 16.4314 
44.2398 36.9392 12.7171 
>    # 9999 9999 9999  
44.2189 37.2389 22.863 
44.2837 37.1984 30.0 
44.242 37.1444 22.92 
>    # 9999 9999 9999  
42.242 39.2725 30.0 
42.231 39.2134 20.7807 
42.1528 39.2484 23.5945 
>    # 9999 9999 9999  
43.766 38.5757 6.8084 
43.846 38.5648 13.3249 
43.8223 38.4988 6.5942 
>    # 9999 9999 9999  
42.5793 39.0006 0.0 
42.4695 39.0241 0.0 
42.5421 39.0563 7.1494 
>    # 9999 9999 9999  
44.0454 38.4481 23.4013 
44.042 38.3703 19.2038 
43.978 38.4604 18.1193 
>    # 9999 9999 9999  
44.2682 37.2859 30.0 
44.2837 37.1984 30.0 
44.2189 37.2389 22.863 
>    # 9999 9999 9999  
41.7618 39.269 15.4743 
41.729 39.3243 23.0175 
41.84 39.2999 22.454 
>    # 9999 9999 9999  
42.6531 39.032 7.0865 
42.5793 39.0006 0.0 
42.5421 39.0563 7.1494 
>    # 9999 9999 9999  
43.9075 38.4849 13.3848 
43.88 38.4225 6.566 
43.8223 38.4988 6.5942 
>    # 9999 9999 9999  
42.6172 39.0878 14.2863 
42.6531 39.032 7.0865 
42.5421 39.0563 7.1494 
>    # 9999 9999 9999  
41.5774 39.4038 30.0 
41.6866 39.3776 30.0 
41.6163 39.3456 23.0755 
>    # 9999 9999 9999  
44.162 37.2759 15.5982 
44.1143 37.2321 8.714 
44.1252 37.3244 11.5224 
>    # 9999 9999 9999  
44.0469 37.7974 7.3743 
44.0978 37.8446 14.5907 
44.0985 37.7682 14.504 
>    # 9999 9999 9999  
43.615 38.7281 6.5307 
43.5317 38.7179 0.0 
43.5303 38.7805 6.4656 
>    # 9999 9999 9999  
44.2996 36.9093 16.5951 
44.3822 36.8889 23.2446 
44.3553 36.8269 16.6644 
>    # 9999 9999 9999  
42.6887 38.976 0.0 
42.5793 39.0006 0.0 
42.6531 39.032 7.0865 
>    # 9999 9999 9999  
43.8559 38.3594 0.0 
43.88 38.4225 6.566 
43.9381 38.3412 6.3158 
>    # 9999 9999 9999  
42.4695 39.0241 0.0 
42.4297 39.0803 7.1394 
42.5421 39.0563 7.1494 
>    # 9999 9999 9999  
44.1722 37.5905 22.8743 
44.187 37.5014 22.9691 
44.1223 37.545 15.6155 
>    # 9999 9999 9999  
43.9651 38.4049 13.1082 
43.88 38.4225 6.566 
43.9075 38.4849 13.3848 
>    # 9999 9999 9999  
41.5396 39.3157 16.1702 
41.6163 39.3456 23.0755 
41.6508 39.2902 15.5616 
>    # 9999 9999 9999  
44.2103 37.7275 30.0 
44.1571 37.6806 22.4614 
44.1565 37.7773 22.6083 
>    # 9999 9999 9999  
44.2206 37.6391 30.0 
44.2345 37.551 30.0 
44.1722 37.5905 22.8743 
>    # 9999 9999 9999  
41.7618 39.269 15.4743 
41.84 39.2999 22.454 
41.8773 39.245 15.0982 
>    # 9999 9999 9999  
44.1143 37.2321 8.714 
44.0878 37.2956 6.166 
44.1252 37.3244 11.5224 
>    # 9999 9999 9999  
42.2815 39.1573 13.9598 
42.1697 39.1804 13.885 
42.231 39.2134 20.7807 
>    # 9999 9999 9999  
44.2345 37.551 30.0 
44.187 37.5014 22.9691 
44.1722 37.5905 22.8743 
>    # 9999 9999 9999  
44.242 37.1444 22.92 
44.209 37.0836 16.4436 
44.1667 37.1661 15.0712 
>    # 9999 9999 9999  
44.2834 37.0517 22.959 
44.2465 36.9987 16.4314 
44.209 37.0836 16.4436 
>    # 9999 9999 9999  
42.762 39.0044 6.8515 
42.7343 39.0612 14.0855 
42.837 39.0328 13.7665 
>    # 9999 9999 9999  
42.7343 39.0612 14.0855 
42.6531 39.032 7.0865 
42.6172 39.0878 14.2863 
>    # 9999 9999 9999  
44.1108 37.631 15.8099 
44.1722 37.5905 22.8743 
44.1223 37.545 15.6155 
>    # 9999 9999 9999  
43.6992 38.739 13.2001 
43.615 38.7281 6.5307 
43.6287 38.7852 13.3999 
>    # 9999 9999 9999  
44.2122 37.3273 22.8891 
44.162 37.2759 15.5982 
44.1529 37.3687 15.9519 
>    # 9999 9999 9999  
44.0378 38.2104 13.9437 
43.9702 38.2417 6.8062 
44.0152 38.2986 13.8769 
>    # 9999 9999 9999  
43.9923 38.1577 6.934 
44.0378 38.2104 13.9437 
44.0598 38.122 13.937 
>    # 9999 9999 9999  
42.2099 39.1257 6.9556 
42.1697 39.1804 13.885 
42.2815 39.1573 13.9598 
>    # 9999 9999 9999  
43.5447 38.9489 30.0 
43.6515 38.9184 30.0 
43.5726 38.8909 22.9773 
>    # 9999 9999 9999  
43.2635 38.9139 13.8677 
43.2949 38.8564 7.0508 
43.1903 38.8846 6.8528 
>    # 9999 9999 9999  
43.9691 38.0183 0.0 
43.9473 38.1054 0.0 
44.0136 38.07 6.8634 
>    # 9999 9999 9999  
43.6199 38.6621 0.0 
43.5317 38.7179 0.0 
43.615 38.7281 6.5307 
>    # 9999 9999 9999  
43.8559 38.3594 0.0 
43.7979 38.4356 0.0 
43.88 38.4225 6.566 
>    # 9999 9999 9999  
44.012 38.5876 30.0 
44.0699 38.5113 30.0 
43.9884 38.5243 23.4764 
>    # 9999 9999 9999  
43.9254 38.1926 0.0 
43.9036 38.2797 0.0 
43.9702 38.2417 6.8062 
>    # 9999 9999 9999  
44.2614 37.3746 30.0 
44.2682 37.2859 30.0 
44.2122 37.3273 22.8891 
>    # 9999 9999 9999  
44.2834 37.0517 22.959 
44.3249 36.9724 23.0815 
44.2465 36.9987 16.4314 
>    # 9999 9999 9999  
42.762 39.0044 6.8515 
42.6531 39.032 7.0865 
42.7343 39.0612 14.0855 
>    # 9999 9999 9999  
44.0465 37.8945 7.5693 
44.0356 37.9831 6.9174 
44.0949 37.9472 14.4371 
>    # 9999 9999 9999  
43.896 38.7402 30.0 
43.9541 38.664 30.0 
43.8716 38.6771 23.415 
>    # 9999 9999 9999  
43.7398 38.5118 0.0 
43.6816 38.588 0.0 
43.766 38.5757 6.8084 
>    # 9999 9999 9999  
44.2088 37.8163 30.0 
44.2103 37.7275 30.0 
44.1565 37.7773 22.6083 
>    # 9999 9999 9999  
41.6866 39.3776 30.0 
41.7978 39.3569 30.0 
41.729 39.3243 23.0175 
>    # 9999 9999 9999  
41.4692 39.433 30.0 
41.5774 39.4038 30.0 
41.5039 39.375 23.1582 
>    # 9999 9999 9999  
44.1571 37.6806 22.4614 
44.1722 37.5905 22.8743 
44.1108 37.631 15.8099 
>    # 9999 9999 9999  
44.2059 37.994 30.0 
44.2074 37.9051 30.0 
44.1548 37.949 22.7803 
>    # 9999 9999 9999  
43.9949 37.7534 0.0 
43.9932 37.8422 0.0 
44.0469 37.7974 7.3743 
>    # 9999 9999 9999  
42.6826 39.1786 30.0 
42.7925 39.1548 30.0 
42.7119 39.1242 22.8043 
>    # 9999 9999 9999  
42.902 39.1301 30.0 
43.0094 39.1002 30.0 
42.9396 39.0678 22.7119 
>    # 9999 9999 9999  
42.7959 38.9463 0.0 
42.6887 38.976 0.0 
42.762 39.0044 6.8515 
>    # 9999 9999 9999  
44.252 36.7228 0.0 
44.1997 36.8011 0.0 
44.2791 36.7849 6.6189 
>    # 9999 9999 9999  
44.4099 36.9525 30.0 
44.462 36.8741 30.0 
44.3822 36.8889 23.2446 
>    # 9999 9999 9999  
44.037 37.3111 0.0 
44.0229 37.3993 0.0 
44.0842 37.3607 7.0309 
>    # 9999 9999 9999  
44.2345 37.551 30.0 
44.2483 37.4628 30.0 
44.187 37.5014 22.9691 
>    # 9999 9999 9999  
41.9191 39.1388 0.0 
41.8082 39.1596 0.0 
41.8799 39.1917 6.9918 
>    # 9999 9999 9999  
42.0202 39.3152 30.0 
42.1312 39.2942 30.0 
42.0673 39.2566 22.3754 
>    # 9999 9999 9999  
42.1398 39.0941 0.0 
42.0297 39.1173 0.0 
42.1002 39.1488 6.9468 
>    # 9999 9999 9999  
43.9541 38.664 30.0 
44.012 38.5876 30.0 
43.9298 38.6009 23.4353 
>    # 9999 9999 9999  
42.903 38.9164 0.0 
42.7959 38.9463 0.0 
42.8692 38.9746 6.8528 
>    # 9999 9999 9999  
44.462 36.8741 30.0 
44.514 36.7957 30.0 
44.4347 36.812 23.3807 
>    # 9999 9999 9999  
43.3305 38.796 0.0 
43.2238 38.8263 0.0 
43.2949 38.8564 7.0508 
>    # 9999 9999 9999  
43.1169 38.8564 0.0 
43.01 38.8865 0.0 
43.0835 38.9139 6.7416 
>    # 9999 9999 9999  
43.4378 38.9794 30.0 
43.5447 38.9489 30.0 
43.4721 38.9232 23.4885 
>    # 9999 9999 9999  
41.6973 39.1803 0.0 
41.5863 39.2009 0.0 
41.655 39.2336 6.9856 
>    # 9999 9999 9999  
42.2498 39.0709 0.0 
42.1398 39.0941 0.0 
42.2099 39.1257 6.9556 
>    # 9999 9999 9999  
42.4695 39.0241 0.0 
42.3597 39.0476 0.0 
42.4297 39.0803 7.1394 
>    # 9999 9999 9999  
43.2238 38.8263 0.0 
43.1169 38.8564 0.0 
43.1903 38.8846 6.8528 
>    # 9999 9999 9999  
43.2238 39.04 30.0 
43.3309 39.0097 30.0 
43.2573 38.9817 23.1472 
>    # 9999 9999 9999  
41.8082 39.1596 0.0 
41.6973 39.1803 0.0 
41.7695 39.2128 7.062 
>    # 9999 9999 9999  
42.3523 39.2492 30.0 
42.4624 39.2258 30.0 
42.4089 39.1918 23.1952 
>    # 9999 9999 9999  
42.3597 39.0476 0.0 
42.2498 39.0709 0.0 
42.3195 39.1026 6.9777 
>    # 9999 9999 9999  
44.1391 38.3444 30.0 
44.1607 38.2572 30.0 
44.0939 38.2922 23.0695 
>    # 9999 9999 9999  
43.9966 37.6646 0.0 
43.9949 37.7534 0.0 
44.0473 37.7108 7.2045 
>    # 9999 9999 9999  
43.3309 39.0097 30.0 
43.4378 38.9794 30.0 
43.3616 38.9498 22.8103 
>    # 9999 9999 9999  
43.9473 38.1054 0.0 
43.9254 38.1926 0.0 
43.9923 38.1577 6.934 
>    # 9999 9999 9999  
43.7979 38.4356 0.0 
43.7398 38.5118 0.0 
43.8223 38.4988 6.5942 
>    # 9999 9999 9999  
44.1823 38.17 30.0 
44.2033 38.0828 30.0 
44.1371 38.118 23.0592 
>    # 9999 9999 9999  
43.9903 37.931 0.0 
43.9691 38.0183 0.0 
44.0356 37.9831 6.9174 
>    # 9999 9999 9999  
42.0297 39.1173 0.0 
41.9191 39.1388 0.0 
41.9906 39.1705 6.9304 
>    # 9999 9999 9999  
44.3207 37.1147 30.0 
44.3584 37.0311 30.0 
44.2834 37.0517 22.959 
>    # 9999 9999 9999  
44.148 36.8796 0.0 
44.1103 36.9631 0.0 
44.1842 36.9374 6.7615 
>    # 9999 9999 9999  
41.4752 39.2214 0.0 
41.3662 39.2474 0.0 
41.4448 39.2764 7.0534 
>    # 9999 9999 9999  
44.0088 37.4874 0.0 
43.9983 37.5758 0.0 
44.0569 37.5356 7.0981 
>    # 9999 9999 9999  
44.2103 37.7275 30.0 
44.2206 37.6391 30.0 
44.1571 37.6806 22.4614 
>    # 9999 9999 9999  
43.7008 38.6637 6.9969 
43.615 38.7281 6.5307 
43.6992 38.739 13.2001 
>    # 9999 9999 9999  
44.0469 37.7974 7.3743 
44.0985 37.7682 14.504 
44.0473 37.7108 7.2045 
>    # 9999 9999 9999  
42.762 39.0044 6.8515 
42.6887 38.976 0.0 
42.6531 39.032 7.0865 
>    # 9999 9999 9999  
44.2834 37.0517 22.959 
44.3584 37.0311 30.0 
44.3249 36.9724 23.0815 
>    # 9999 9999 9999  
43.9903 37.931 0.0 
44.0356 37.9831 6.9174 
44.0465 37.8945 7.5693 
>    # 9999 9999 9999  
44.2483 37.4628 30.0 
44.2614 37.3746 30.0 
44.2004 37.4149 22.9317 
>    # 9999 9999 9999  
41.6866 39.3776 30.0 
41.729 39.3243 23.0175 
41.6163 39.3456 23.0755 
>    # 9999 9999 9999  
44.1099 38.0389 17.4644 
44.0949 37.9472 14.4371 
44.061 38.0322 11.4159 
>    # 9999 9999 9999  
44.1571 37.6806 22.4614 
44.2206 37.6391 30.0 
44.1722 37.5905 22.8743 
>    # 9999 9999 9999  
42.0297 39.1173 0.0 
41.9906 39.1705 6.9304 
42.1002 39.1488 6.9468 
>    # 9999 9999 9999  
44.3553 36.8269 16.6644 
44.3822 36.8889 23.2446 
44.4347 36.812 23.3807 
>    # 9999 9999 9999  
44.2122 37.3273 22.8891 
44.2189 37.2389 22.863 
44.162 37.2759 15.5982 
>    # 9999 9999 9999  
44.0731 37.0468 0.0 
44.0574 37.1343 0.0 
44.1179 37.0921 7.0059 
>    # 9999 9999 9999  
42.8692 38.9746 6.8528 
42.837 39.0328 13.7665 
42.9451 39.0021 13.6916 
>    # 9999 9999 9999  
43.9923 38.1577 6.934 
43.9702 38.2417 6.8062 
44.0378 38.2104 13.9437 
>    # 9999 9999 9999  
42.2099 39.1257 6.9556 
42.1002 39.1488 6.9468 
42.1697 39.1804 13.885 
>    # 9999 9999 9999  
43.9884 38.5243 23.4764 
44.0699 38.5113 30.0 
44.0454 38.4481 23.4013 
>    # 9999 9999 9999  
44.0229 37.3993 0.0 
44.0088 37.4874 0.0 
44.0694 37.4478 6.9113 
>    # 9999 9999 9999  
41.2554 39.3836 15.0 
41.3082 39.4228 22.5 
41.3651 39.3667 16.7511 
>    # 9999 9999 9999  
42.1002 39.1488 6.9468 
41.9906 39.1705 6.9304 
42.0665 39.2013 13.8651 
>    # 9999 9999 9999  
43.2573 38.9817 23.1472 
43.1644 38.9622 16.7277 
43.152 39.0156 23.7321 
>    # 9999 9999 9999  
43.6515 38.9184 30.0 
43.7461 38.8705 30.0 
43.6667 38.8557 23.2542 
>    # 9999 9999 9999  
43.5317 38.7179 0.0 
43.4372 38.7657 0.0 
43.5303 38.7805 6.4656 
>    # 9999 9999 9999  
43.9036 38.2797 0.0 
43.8559 38.3594 0.0 
43.9381 38.3412 6.3158 
>    # 9999 9999 9999  
43.6199 38.6621 0.0 
43.615 38.7281 6.5307 
43.7008 38.6637 6.9969 
>    # 9999 9999 9999  
44.0356 37.9831 6.9174 
43.9691 38.0183 0.0 
44.0136 38.07 6.8634 
>    # 9999 9999 9999  
44.2122 37.3273 22.8891 
44.2682 37.2859 30.0 
44.2189 37.2389 22.863 
>    # 9999 9999 9999  
41.9191 39.1388 0.0 
41.8799 39.1917 6.9918 
41.9906 39.1705 6.9304 
>    # 9999 9999 9999  
43.9473 38.1054 0.0 
43.9923 38.1577 6.934 
44.0136 38.07 6.8634 
>    # 9999 9999 9999  
42.1697 39.1804 13.885 
42.1002 39.1488 6.9468 
42.0665 39.2013 13.8651 
>    # 9999 9999 9999  
44.2465 36.9987 16.4314 
44.2996 36.9093 16.5951 
44.2398 36.9392 12.7171 
>    # 9999 9999 9999  
43.01 38.8865 0.0 
42.903 38.9164 0.0 
42.9763 38.9443 6.7905 
>    # 9999 9999 9999  
43.9923 38.1577 6.934 
44.0598 38.122 13.937 
44.0136 38.07 6.8634 
>    # 9999 9999 9999  
43.5303 38.7805 6.4656 
43.4372 38.7657 0.0 
43.4133 38.8248 7.3327 
>    # 9999 9999 9999  
42.7959 38.9463 0.0 
42.762 39.0044 6.8515 
42.8692 38.9746 6.8528 
>    # 9999 9999 9999  
42.762 39.0044 6.8515 
42.837 39.0328 13.7665 
42.8692 38.9746 6.8528 
>    # 9999 9999 9999  
44.187 37.5014 22.9691 
44.2483 37.4628 30.0 
44.2004 37.4149 22.9317 
>    # 9999 9999 9999  
43.4721 38.9232 23.4885 
43.5447 38.9489 30.0 
43.5726 38.8909 22.9773 
>    # 9999 9999 9999  
43.2573 38.9817 23.1472 
43.3309 39.0097 30.0 
43.3616 38.9498 22.8103 
>    # 9999 9999 9999  
41.6973 39.1803 0.0 
41.655 39.2336 6.9856 
41.7695 39.2128 7.062 
>    # 9999 9999 9999  
42.4297 39.0803 7.1394 
42.3597 39.0476 0.0 
42.3195 39.1026 6.9777 
>    # 9999 9999 9999  
42.2498 39.0709 0.0 
42.2099 39.1257 6.9556 
42.3195 39.1026 6.9777 
>    # 9999 9999 9999  
43.2949 38.8564 7.0508 
43.2238 38.8263 0.0 
43.1903 38.8846 6.8528 
>    # 9999 9999 9999  
43.1169 38.8564 0.0 
43.0835 38.9139 6.7416 
43.1903 38.8846 6.8528 
>    # 9999 9999 9999  
43.4378 38.9794 30.0 
43.4721 38.9232 23.4885 
43.3616 38.9498 22.8103 
>    # 9999 9999 9999  
41.8799 39.1917 6.9918 
41.8082 39.1596 0.0 
41.7695 39.2128 7.062 
>    # 9999 9999 9999  
42.2099 39.1257 6.9556 
42.1398 39.0941 0.0 
42.1002 39.1488 6.9468 
>    # 9999 9999 9999  
44.3822 36.8889 23.2446 
44.462 36.8741 30.0 
44.4347 36.812 23.3807 
>    # 9999 9999 9999  
43.9949 37.7534 0.0 
44.0469 37.7974 7.3743 
44.0473 37.7108 7.2045 
>    # 9999 9999 9999  
42.2099 39.1257 6.9556 
42.2815 39.1573 13.9598 
42.3195 39.1026 6.9777 
>    # 9999 9999 9999  
44.4392 36.7162 17.6691 
44.4347 36.812 23.3807 
44.4845 36.7487 24.1378 
>    # 9999 9999 9999  
43.8716 38.6771 23.415 
43.9541 38.664 30.0 
43.9298 38.6009 23.4353 
>    # 9999 9999 9999  
43.7398 38.5118 0.0 
43.766 38.5757 6.8084 
43.8223 38.4988 6.5942 
>    # 9999 9999 9999  
41.5863 39.2009 0.0 
41.4752 39.2214 0.0 
41.551 39.2535 7.0821 
>    # 9999 9999 9999  
44.2074 37.9051 30.0 
44.2088 37.8163 30.0 
44.1568 37.8602 22.8547 
>    # 9999 9999 9999  
43.9983 37.5758 0.0 
43.9966 37.6646 0.0 
44.0513 37.6226 7.5322 
>    # 9999 9999 9999  
42.9451 39.0021 13.6916 
43.0421 39.0215 20.2252 
43.0476 38.9699 13.1993 
>    # 9999 9999 9999  
41.8773 39.245 15.0982 
41.84 39.2999 22.454 
41.9504 39.2754 21.8645 
>    # 9999 9999 9999  
43.9923 38.1577 6.934 
43.9254 38.1926 0.0 
43.9702 38.2417 6.8062 
>    # 9999 9999 9999  
44.012 38.5876 30.0 
43.9884 38.5243 23.4764 
43.9298 38.6009 23.4353 
>    # 9999 9999 9999  
43.88 38.4225 6.566 
43.7979 38.4356 0.0 
43.8223 38.4988 6.5942 
>    # 9999 9999 9999  
44.1143 37.2321 8.714 
44.1667 37.1661 15.0712 
44.0988 37.1628 5.8894 
>    # 9999 9999 9999  
43.0835 38.9139 6.7416 
43.01 38.8865 0.0 
42.9763 38.9443 6.7905 
>    # 9999 9999 9999  
42.903 38.9164 0.0 
42.8692 38.9746 6.8528 
42.9763 38.9443 6.7905 
>    # 9999 9999 9999  
44.1548 37.949 22.7803 
44.2074 37.9051 30.0 
44.1568 37.8602 22.8547 
>    # 9999 9999 9999  
44.2088 37.8163 30.0 
44.1565 37.7773 22.6083 
44.1568 37.8602 22.8547 
>    # 9999 9999 9999  
44.0088 37.4874 0.0 
44.0569 37.5356 7.0981 
44.0694 37.4478 6.9113 
>    # 9999 9999 9999  
42.8692 38.9746 6.8528 
42.9451 39.0021 13.6916 
42.9763 38.9443 6.7905 
>    # 9999 9999 9999  
44.0842 37.3607 7.0309 
44.0229 37.3993 0.0 
44.0694 37.4478 6.9113 
>    # 9999 9999 9999  
41.4752 39.2214 0.0 
41.4448 39.2764 7.0534 
41.551 39.2535 7.0821 
>    # 9999 9999 9999  
44.0569 37.5356 7.0981 
43.9983 37.5758 0.0 
44.0513 37.6226 7.5322 
>    # 9999 9999 9999  
44.187 37.5014 22.9691 
44.2004 37.4149 22.9317 
44.1393 37.4562 15.9852 
>    # 9999 9999 9999  
41.8773 39.245 15.0982 
41.9504 39.2754 21.8645 
41.9644 39.2168 13.278 
>    # 9999 9999 9999  
44.5134 36.6795 22.5 
44.4609 36.6418 15.0 
44.4392 36.7162 17.6691 
>    # 9999 9999 9999  
44.1997 36.8011 0.0 
44.148 36.8796 0.0 
44.2275 36.8596 6.4465 
>    # 9999 9999 9999  
44.209 37.0836 16.4436 
44.2465 36.9987 16.4314 
44.1789 37.016 9.9614 
>    # 9999 9999 9999  
44.1223 37.545 15.6155 
44.187 37.5014 22.9691 
44.1393 37.4562 15.9852 
>    # 9999 9999 9999  
44.0699 38.5113 30.0 
44.1174 38.4316 30.0 
44.0454 38.4481 23.4013 
>    # 9999 9999 9999  
41.655 39.2336 6.9856 
41.5863 39.2009 0.0 
41.551 39.2535 7.0821 
>    # 9999 9999 9999  
43.9966 37.6646 0.0 
44.0473 37.7108 7.2045 
44.0513 37.6226 7.5322 
>    # 9999 9999 9999  
44.2614 37.3746 30.0 
44.2122 37.3273 22.8891 
44.2004 37.4149 22.9317 
>    # 9999 9999 9999  
44.148 36.8796 0.0 
44.1842 36.9374 6.7615 
44.2275 36.8596 6.4465 
>    # 9999 9999 9999  
42.5725 39.2022 30.0 
42.6059 39.1445 22.4231 
42.5038 39.1752 23.75 
>    # 9999 9999 9999  
44.2004 37.4149 22.9317 
44.1529 37.3687 15.9519 
44.1393 37.4562 15.9852 
>    # 9999 9999 9999  
43.2238 39.04 30.0 
43.2573 38.9817 23.1472 
43.152 39.0156 23.7321 
>    # 9999 9999 9999  
44.2122 37.3273 22.8891 
44.1529 37.3687 15.9519 
44.2004 37.4149 22.9317 
>    # 9999 9999 9999  
43.0476 38.9699 13.1993 
43.1644 38.9622 16.7277 
43.1489 38.9257 10.9981 
>    # 9999 9999 9999  
42.4089 39.1918 23.1952 
42.4624 39.2258 30.0 
42.5038 39.1752 23.75 
>    # 9999 9999 9999  
43.0421 39.0215 20.2252 
42.9396 39.0678 22.7119 
43.0513 39.0598 25.9726 
>    # 9999 9999 9999  
41.361 39.462 30.0 
41.4692 39.433 30.0 
41.407 39.4044 23.6326 
>    # 9999 9999 9999  
44.0939 38.2922 23.0695 
44.042 38.3703 19.2038 
44.0906 38.3822 25.3363 
>    # 9999 9999 9999  
42.0665 39.2013 13.8651 
42.0673 39.2566 22.3754 
42.1315 39.2185 18.4052 
>    # 9999 9999 9999  
41.3082 39.4228 22.5 
41.361 39.462 30.0 
41.407 39.4044 23.6326 
>    # 9999 9999 9999  
44.2791 36.7849 6.6189 
44.1997 36.8011 0.0 
44.2275 36.8596 6.4465 
>    # 9999 9999 9999  
44.2275 36.8596 6.4465 
44.1842 36.9374 6.7615 
44.2398 36.9392 12.7171 
>    # 9999 9999 9999  
43.1644 38.9622 16.7277 
43.2635 38.9139 13.8677 
43.1489 38.9257 10.9981 
>    # 9999 9999 9999  
44.1143 37.2321 8.714 
44.0503 37.2229 0.0 
44.0878 37.2956 6.166 
>    # 9999 9999 9999  
42.6059 39.1445 22.4231 
42.5103 39.1202 15.7029 
42.5038 39.1752 23.75 
>    # 9999 9999 9999  
41.8799 39.1917 6.9918 
41.8773 39.245 15.0982 
41.9644 39.2168 13.278 
>    # 9999 9999 9999  
43.152 39.0156 23.7321 
43.0421 39.0215 20.2252 
43.0513 39.0598 25.9726 
>    # 9999 9999 9999  
42.1312 39.2942 30.0 
42.242 39.2725 30.0 
42.1528 39.2484 23.5945 
>    # 9999 9999 9999  
42.9763 38.9443 6.7905 
42.9451 39.0021 13.6916 
43.0476 38.9699 13.1993 
>    # 9999 9999 9999  
44.0598 38.122 13.937 
44.1099 38.0389 17.4644 
44.061 38.0322 11.4159 
>    # 9999 9999 9999  
41.9906 39.1705 6.9304 
41.8799 39.1917 6.9918 
41.9644 39.2168 13.278 
>    # 9999 9999 9999  
44.1789 37.016 9.9614 
44.1842 36.9374 6.7615 
44.1258 37.0147 4.158 
>    # 9999 9999 9999  
44.514 36.7957 30.0 
44.5659 36.7173 30.0 
44.4845 36.7487 24.1378 
>    # 9999 9999 9999  
44.5659 36.7173 30.0 
44.5134 36.6795 22.5 
44.4845 36.7487 24.1378 
>    # 9999 9999 9999  
43.1166 39.0701 30.0 
43.2238 39.04 30.0 
43.152 39.0156 23.7321 
>    # 9999 9999 9999  
42.231 39.2134 20.7807 
42.1697 39.1804 13.885 
42.1315 39.2185 18.4052 
>    # 9999 9999 9999  
44.0503 37.2229 0.0 
44.037 37.3111 0.0 
44.0878 37.2956 6.166 
>    # 9999 9999 9999  
42.4089 39.1918 23.1952 
42.3959 39.1376 14.6558 
42.3179 39.1874 19.645 
>    # 9999 9999 9999  
43.6515 38.9184 30.0 
43.6667 38.8557 23.2542 
43.5726 38.8909 22.9773 
>    # 9999 9999 9999  
43.0835 38.9139 6.7416 
42.9763 38.9443 6.7905 
43.0476 38.9699 13.1993 
>    # 9999 9999 9999  
44.2996 36.9093 16.5951 
44.2907 36.8492 11.8658 
44.2398 36.9392 12.7171 
>    # 9999 9999 9999  
44.1108 37.631 15.8099 
44.0513 37.6226 7.5322 
44.0898 37.6897 13.0821 
>    # 9999 9999 9999  
44.2059 37.994 30.0 
44.1548 37.949 22.7803 
44.1645 38.0376 24.3533 
>    # 9999 9999 9999  
44.1099 38.0389 17.4644 
44.1371 38.118 23.0592 
44.1645 38.0376 24.3533 
>    # 9999 9999 9999  
42.4624 39.2258 30.0 
42.5725 39.2022 30.0 
42.5038 39.1752 23.75 
>    # 9999 9999 9999  
43.896 38.7402 30.0 
43.8716 38.6771 23.415 
43.8242 38.7565 24.6187 
>    # 9999 9999 9999  
44.0503 37.2229 0.0 
44.1143 37.2321 8.714 
44.0988 37.1628 5.8894 
>    # 9999 9999 9999  
44.0949 37.9472 14.4371 
44.0356 37.9831 6.9174 
44.061 38.0322 11.4159 
>    # 9999 9999 9999  
43.2635 38.9139 13.8677 
43.1903 38.8846 6.8528 
43.1489 38.9257 10.9981 
>    # 9999 9999 9999  
42.9396 39.0678 22.7119 
43.0094 39.1002 30.0 
43.0513 39.0598 25.9726 
>    # 9999 9999 9999  
44.1391 38.3444 30.0 
44.0939 38.2922 23.0695 
44.0906 38.3822 25.3363 
>    # 9999 9999 9999  
44.1842 36.9374 6.7615 
44.1103 36.9631 0.0 
44.1258 37.0147 4.158 
>    # 9999 9999 9999  
43.8716 38.6771 23.415 
43.7863 38.7167 18.4249 
43.8242 38.7565 24.6187 
>    # 9999 9999 9999  
43.7863 38.7167 18.4249 
43.6992 38.739 13.2001 
43.7139 38.7926 19.7593 
>    # 9999 9999 9999  
43.9176 38.5428 18.3121 
43.9884 38.5243 23.4764 
43.978 38.4604 18.1193 
>    # 9999 9999 9999  
44.0136 38.07 6.8634 
44.0598 38.122 13.937 
44.061 38.0322 11.4159 
>    # 9999 9999 9999  
42.3959 39.1376 14.6558 
42.2815 39.1573 13.9598 
42.3179 39.1874 19.645 
>    # 9999 9999 9999  
44.0574 37.1343 0.0 
44.0503 37.2229 0.0 
44.0988 37.1628 5.8894 
>    # 9999 9999 9999  
41.4692 39.433 30.0 
41.5039 39.375 23.1582 
41.407 39.4044 23.6326 
>    # 9999 9999 9999  
44.0513 37.6226 7.5322 
44.0473 37.7108 7.2045 
44.0898 37.6897 13.0821 
>    # 9999 9999 9999  
44.1371 38.118 23.0592 
44.2033 38.0828 30.0 
44.1645 38.0376 24.3533 
>    # 9999 9999 9999  
41.3651 39.3667 16.7511 
41.3082 39.4228 22.5 
41.407 39.4044 23.6326 
>    # 9999 9999 9999  
42.1528 39.2484 23.5945 
42.231 39.2134 20.7807 
42.1315 39.2185 18.4052 
>    # 9999 9999 9999  
43.6667 38.8557 23.2542 
43.7461 38.8705 30.0 
43.7675 38.8159 25.7131 
>    # 9999 9999 9999  
43.9075 38.4849 13.3848 
43.9176 38.5428 18.3121 
43.978 38.4604 18.1193 
>    # 9999 9999 9999  
43.9075 38.4849 13.3848 
43.846 38.5648 13.3249 
43.9176 38.5428 18.3121 
>    # 9999 9999 9999  
43.7139 38.7926 19.7593 
43.6667 38.8557 23.2542 
43.7675 38.8159 25.7131 
>    # 9999 9999 9999  
43.0835 38.9139 6.7416 
43.0476 38.9699 13.1993 
43.1489 38.9257 10.9981 
>    # 9999 9999 9999  
43.9298 38.6009 23.4353 
43.9176 38.5428 18.3121 
43.8574 38.6222 18.3264 
>    # 9999 9999 9999  
43.7863 38.7167 18.4249 
43.7139 38.7926 19.7593 
43.8242 38.7565 24.6187 
>    # 9999 9999 9999  
43.1166 39.0701 30.0 
43.152 39.0156 23.7321 
43.0513 39.0598 25.9726 
>    # 9999 9999 9999  
44.0731 37.0468 0.0 
44.1179 37.0921 7.0059 
44.1258 37.0147 4.158 
>    # 9999 9999 9999  
43.8343 38.8145 30.0 
43.896 38.7402 30.0 
43.8242 38.7565 24.6187 
>    # 9999 9999 9999  
43.9176 38.5428 18.3121 
43.846 38.5648 13.3249 
43.8574 38.6222 18.3264 
>    # 9999 9999 9999  
42.0673 39.2566 22.3754 
42.1312 39.2942 30.0 
42.1528 39.2484 23.5945 
>    # 9999 9999 9999  
43.9884 38.5243 23.4764 
44.0454 38.4481 23.4013 
43.978 38.4604 18.1193 
>    # 9999 9999 9999  
44.0569 37.5356 7.0981 
44.1223 37.545 15.6155 
44.0978 37.4936 11.4484 
>    # 9999 9999 9999  
43.6287 38.7852 13.3999 
43.5318 38.838 13.9292 
43.6173 38.838 18.1629 
>    # 9999 9999 9999  
44.2033 38.0828 30.0 
44.2059 37.994 30.0 
44.1645 38.0376 24.3533 
>    # 9999 9999 9999  
44.1179 37.0921 7.0059 
44.1789 37.016 9.9614 
44.1258 37.0147 4.158 
>    # 9999 9999 9999  
42.0665 39.2013 13.8651 
41.9906 39.1705 6.9304 
41.9644 39.2168 13.278 
>    # 9999 9999 9999  
44.4347 36.812 23.3807 
44.514 36.7957 30.0 
44.4845 36.7487 24.1378 
>    # 9999 9999 9999  
43.846 38.5648 13.3249 
43.7823 38.649 13.365 
43.8574 38.6222 18.3264 
>    # 9999 9999 9999  
43.8716 38.6771 23.415 
43.9298 38.6009 23.4353 
43.8574 38.6222 18.3264 
>    # 9999 9999 9999  
43.9298 38.6009 23.4353 
43.9884 38.5243 23.4764 
43.9176 38.5428 18.3121 
>    # 9999 9999 9999  
43.9651 38.4049 13.1082 
43.9075 38.4849 13.3848 
43.978 38.4604 18.1193 
>    # 9999 9999 9999  
44.5134 36.6795 22.5 
44.4392 36.7162 17.6691 
44.4845 36.7487 24.1378 
>    # 9999 9999 9999  
44.2996 36.9093 16.5951 
44.3553 36.8269 16.6644 
44.2907 36.8492 11.8658 
>    # 9999 9999 9999  
44.037 37.3111 0.0 
44.0842 37.3607 7.0309 
44.0878 37.2956 6.166 
>    # 9999 9999 9999  
44.2791 36.7849 6.6189 
44.2275 36.8596 6.4465 
44.2907 36.8492 11.8658 
>    # 9999 9999 9999  
44.1174 38.4316 30.0 
44.1391 38.3444 30.0 
44.0906 38.3822 25.3363 
>    # 9999 9999 9999  
43.8242 38.7565 24.6187 
43.7139 38.7926 19.7593 
43.7675 38.8159 25.7131 
>    # 9999 9999 9999  
44.042 38.3703 19.2038 
44.0454 38.4481 23.4013 
44.0906 38.3822 25.3363 
>    # 9999 9999 9999  
44.1179 37.0921 7.0059 
44.0574 37.1343 0.0 
44.0988 37.1628 5.8894 
>    # 9999 9999 9999  
42.2815 39.1573 13.9598 
42.231 39.2134 20.7807 
42.3179 39.1874 19.645 
>    # 9999 9999 9999  
43.7461 38.8705 30.0 
43.8343 38.8145 30.0 
43.7675 38.8159 25.7131 
>    # 9999 9999 9999  
44.1103 36.9631 0.0 
44.0731 37.0468 0.0 
44.1258 37.0147 4.158 
>    # 9999 9999 9999  
44.1529 37.3687 15.9519 
44.162 37.2759 15.5982 
44.1252 37.3244 11.5224 
>    # 9999 9999 9999  
44.0454 38.4481 23.4013 
44.1174 38.4316 30.0 
44.0906 38.3822 25.3363 
>    # 9999 9999 9999  
43.0094 39.1002 30.0 
43.1166 39.0701 30.0 
43.0513 39.0598 25.9726 
>    # 9999 9999 9999  
44.0473 37.7108 7.2045 
44.0985 37.7682 14.504 
44.0898 37.6897 13.0821 
>    # 9999 9999 9999  
44.0356 37.9831 6.9174 
44.0136 38.07 6.8634 
44.061 38.0322 11.4159 
>    # 9999 9999 9999  
42.1697 39.1804 13.885 
42.0665 39.2013 13.8651 
42.1315 39.2185 18.4052 
>    # 9999 9999 9999  
43.1903 38.8846 6.8528 
43.0835 38.9139 6.7416 
43.1489 38.9257 10.9981 
>    # 9999 9999 9999  
44.0694 37.4478 6.9113 
44.0569 37.5356 7.0981 
44.0978 37.4936 11.4484 
>    # 9999 9999 9999  
44.0842 37.3607 7.0309 
44.0694 37.4478 6.9113 
44.1107 37.4086 11.3768 
>    # 9999 9999 9999  
44.1393 37.4562 15.9852 
44.1529 37.3687 15.9519 
44.1107 37.4086 11.3768 
>    # 9999 9999 9999  
44.1393 37.4562 15.9852 
44.1107 37.4086 11.3768 
44.0978 37.4936 11.4484 
>    # 9999 9999 9999  
44.1223 37.545 15.6155 
44.1393 37.4562 15.9852 
44.0978 37.4936 11.4484 
>    # 9999 9999 9999  
44.1107 37.4086 11.3768 
44.0694 37.4478 6.9113 
44.0978 37.4936 11.4484 
>    # 9999 9999 9999  
43.8343 38.8145 30.0 
43.8242 38.7565 24.6187 
43.7675 38.8159 25.7131 
>    # 9999 9999 9999  
44.1107 37.4086 11.3768 
44.1529 37.3687 15.9519 
44.1252 37.3244 11.5224 
>    # 9999 9999 9999  
44.0842 37.3607 7.0309 
44.1107 37.4086 11.3768 
44.1252 37.3244 11.5224 
>    # 9999 9999 9999  
42.0673 39.2566 22.3754 
42.1528 39.2484 23.5945 
42.1315 39.2185 18.4052 
>    # 9999 9999 9999  
43.5726 38.8909 22.9773 
43.6667 38.8557 23.2542 
43.6173 38.838 18.1629 
>    # 9999 9999 9999  
44.0878 37.2956 6.166 
44.0842 37.3607 7.0309 
44.1252 37.3244 11.5224 
