>    # 9999 9999 9999  
35.5634 36.313 100.0 
35.8212 36.6796 100.0 
35.7759 36.2914 75.0 
>    # 9999 9999 9999  
35.6435 35.1267 0.0 
35.392 34.7594 0.0 
35.2835 35.1965 37.471 
>    # 9999 9999 9999  
33.6316 35.2051 57.9286 
32.9594 35.1913 56.8029 
33.3321 35.5329 78.9785 
>    # 9999 9999 9999  
35.392 34.7594 0.0 
34.9571 34.8631 24.7703 
35.2835 35.1965 37.471 
>    # 9999 9999 9999  
33.7282 34.6066 19.0817 
33.3227 34.9628 42.432 
33.9214 34.9442 40.3 
>    # 9999 9999 9999  
32.9594 35.1913 56.8029 
33.6316 35.2051 57.9286 
33.3227 34.9628 42.432 
>    # 9999 9999 9999  
35.1587 36.0561 100.0 
35.4336 35.948 82.6342 
35.0208 35.7217 80.5023 
>    # 9999 9999 9999  
29.7795 36.5949 75.0 
30.2789 36.8197 100.0 
30.466 36.4527 79.7593 
>    # 9999 9999 9999  
31.5871 35.1011 27.201 
31.1056 35.3706 23.647 
31.5002 35.5928 55.1549 
>    # 9999 9999 9999  
34.9571 34.8631 24.7703 
34.7169 35.2309 52.5727 
35.2835 35.1965 37.471 
>    # 9999 9999 9999  
32.1653 35.6468 76.7047 
31.8708 35.3592 51.2492 
31.5002 35.5928 55.1549 
>    # 9999 9999 9999  
35.4336 35.948 82.6342 
35.3371 35.5565 60.092 
35.0208 35.7217 80.5023 
>    # 9999 9999 9999  
31.7498 35.8552 78.8561 
32.1653 35.6468 76.7047 
31.5002 35.5928 55.1549 
>    # 9999 9999 9999  
32.1653 35.6468 76.7047 
32.7669 35.5666 79.1623 
32.4337 35.2705 57.2577 
>    # 9999 9999 9999  
32.5932 35.9169 100.0 
32.7669 35.5666 79.1623 
32.1653 35.6468 76.7047 
>    # 9999 9999 9999  
30.466 36.4527 79.7593 
30.7299 36.0697 58.1247 
30.1503 36.2618 62.0074 
>    # 9999 9999 9999  
31.8708 35.3592 51.2492 
31.5871 35.1011 27.201 
31.5002 35.5928 55.1549 
>    # 9999 9999 9999  
31.9653 34.8495 21.8191 
32.5009 34.9258 36.2406 
32.3411 34.6618 17.4802 
>    # 9999 9999 9999  
30.2789 36.8197 100.0 
29.7795 36.5949 75.0 
29.7947 36.9846 100.0 
>    # 9999 9999 9999  
31.1801 36.204 78.0045 
31.6402 36.2439 100.0 
31.3196 35.8758 65.9031 
>    # 9999 9999 9999  
31.6402 36.2439 100.0 
31.7498 35.8552 78.8561 
31.3196 35.8758 65.9031 
>    # 9999 9999 9999  
32.9594 35.1913 56.8029 
32.7669 35.5666 79.1623 
33.3321 35.5329 78.9785 
>    # 9999 9999 9999  
32.5009 34.9258 36.2406 
31.9653 34.8495 21.8191 
32.113 35.1057 41.6018 
>    # 9999 9999 9999  
34.7169 35.2309 52.5727 
34.9571 34.8631 24.7703 
34.4511 34.9536 37.3548 
>    # 9999 9999 9999  
29.7795 36.5949 75.0 
30.466 36.4527 79.7593 
30.1503 36.2618 62.0074 
>    # 9999 9999 9999  
33.3227 34.9628 42.432 
33.6316 35.2051 57.9286 
33.9214 34.9442 40.3 
>    # 9999 9999 9999  
30.7058 35.156 0.0 
30.2087 35.2607 0.0 
30.6486 35.5132 21.9425 
>    # 9999 9999 9999  
30.466 36.4527 79.7593 
30.8809 36.3859 81.6068 
30.7299 36.0697 58.1247 
>    # 9999 9999 9999  
30.7299 36.0697 58.1247 
30.2549 35.9445 44.1909 
30.1503 36.2618 62.0074 
>    # 9999 9999 9999  
34.7169 35.2309 52.5727 
34.5038 35.5686 76.9439 
35.0148 35.4299 61.2489 
>    # 9999 9999 9999  
32.1007 36.0463 100.0 
32.5932 35.9169 100.0 
32.1653 35.6468 76.7047 
>    # 9999 9999 9999  
34.5038 35.5686 76.9439 
35.0208 35.7217 80.5023 
35.0148 35.4299 61.2489 
>    # 9999 9999 9999  
33.7282 34.6066 19.0817 
33.2302 34.6139 19.9374 
33.3227 34.9628 42.432 
>    # 9999 9999 9999  
35.7759 36.2914 75.0 
35.7312 35.9033 50.0 
35.4336 35.948 82.6342 
>    # 9999 9999 9999  
32.4337 35.2705 57.2577 
32.7669 35.5666 79.1623 
32.9594 35.1913 56.8029 
>    # 9999 9999 9999  
32.1653 35.6468 76.7047 
32.4337 35.2705 57.2577 
31.8708 35.3592 51.2492 
>    # 9999 9999 9999  
31.5438 34.685 0.0 
31.1507 34.9513 0.0 
31.5871 35.1011 27.201 
>    # 9999 9999 9999  
33.9113 35.5515 79.505 
33.6316 35.2051 57.9286 
33.3321 35.5329 78.9785 
>    # 9999 9999 9999  
30.6486 35.5132 21.9425 
30.2087 35.2607 0.0 
30.2312 35.6043 22.1909 
>    # 9999 9999 9999  
35.7312 35.9033 50.0 
35.3371 35.5565 60.092 
35.4336 35.948 82.6342 
>    # 9999 9999 9999  
31.1056 35.3706 23.647 
30.9996 35.7336 43.5778 
31.5002 35.5928 55.1549 
>    # 9999 9999 9999  
33.9113 35.5515 79.505 
34.5038 35.5686 76.9439 
34.2278 35.2408 58.052 
>    # 9999 9999 9999  
35.6871 35.515 25.0 
35.6435 35.1267 0.0 
35.2835 35.1965 37.471 
>    # 9999 9999 9999  
32.4337 35.2705 57.2577 
32.9594 35.1913 56.8029 
32.5009 34.9258 36.2406 
>    # 9999 9999 9999  
34.658 35.9459 100.0 
35.1587 36.0561 100.0 
35.0208 35.7217 80.5023 
>    # 9999 9999 9999  
33.9113 35.5515 79.505 
34.2278 35.2408 58.052 
33.6316 35.2051 57.9286 
>    # 9999 9999 9999  
34.2278 35.2408 58.052 
34.5038 35.5686 76.9439 
34.7169 35.2309 52.5727 
>    # 9999 9999 9999  
29.7492 35.8155 25.0 
29.7644 36.2052 50.0 
30.2549 35.9445 44.1909 
>    # 9999 9999 9999  
35.7312 35.9033 50.0 
35.6871 35.515 25.0 
35.3371 35.5565 60.092 
>    # 9999 9999 9999  
31.9653 34.8495 21.8191 
31.5438 34.685 0.0 
31.5871 35.1011 27.201 
>    # 9999 9999 9999  
30.2087 35.2607 0.0 
29.7341 35.4258 0.0 
30.2312 35.6043 22.1909 
>    # 9999 9999 9999  
32.7669 35.5666 79.1623 
33.1076 35.8635 100.0 
33.3321 35.5329 78.9785 
>    # 9999 9999 9999  
33.9113 35.5515 79.505 
34.1453 35.8796 100.0 
34.5038 35.5686 76.9439 
>    # 9999 9999 9999  
30.9996 35.7336 43.5778 
30.7299 36.0697 58.1247 
31.3196 35.8758 65.9031 
>    # 9999 9999 9999  
31.9957 34.4876 0.0 
31.5438 34.685 0.0 
31.9653 34.8495 21.8191 
>    # 9999 9999 9999  
31.6402 36.2439 100.0 
32.1007 36.0463 100.0 
31.7498 35.8552 78.8561 
>    # 9999 9999 9999  
33.6268 35.8575 100.0 
34.1453 35.8796 100.0 
33.9113 35.5515 79.505 
>    # 9999 9999 9999  
33.1076 35.8635 100.0 
33.6268 35.8575 100.0 
33.3321 35.5329 78.9785 
>    # 9999 9999 9999  
33.4932 34.3003 0.0 
32.9838 34.3056 0.0 
33.2302 34.6139 19.9374 
>    # 9999 9999 9999  
34.1453 35.8796 100.0 
34.658 35.9459 100.0 
34.5038 35.5686 76.9439 
>    # 9999 9999 9999  
34.5048 34.3904 0.0 
34.002 34.3232 0.0 
34.1931 34.666 20.9444 
>    # 9999 9999 9999  
32.5932 35.9169 100.0 
33.1076 35.8635 100.0 
32.7669 35.5666 79.1623 
>    # 9999 9999 9999  
30.2789 36.8197 100.0 
30.7858 36.715 100.0 
30.466 36.4527 79.7593 
>    # 9999 9999 9999  
31.2396 36.5103 100.0 
31.6402 36.2439 100.0 
31.1801 36.204 78.0045 
>    # 9999 9999 9999  
31.1507 34.9513 0.0 
30.7058 35.156 0.0 
31.1056 35.3706 23.647 
>    # 9999 9999 9999  
33.6268 35.8575 100.0 
33.9113 35.5515 79.505 
33.3321 35.5329 78.9785 
>    # 9999 9999 9999  
31.5871 35.1011 27.201 
31.8708 35.3592 51.2492 
32.113 35.1057 41.6018 
>    # 9999 9999 9999  
35.392 34.7594 0.0 
34.9957 34.5015 0.0 
34.9571 34.8631 24.7703 
>    # 9999 9999 9999  
29.7341 35.4258 0.0 
29.7492 35.8155 25.0 
30.2312 35.6043 22.1909 
>    # 9999 9999 9999  
31.1056 35.3706 23.647 
30.7058 35.156 0.0 
30.6486 35.5132 21.9425 
>    # 9999 9999 9999  
35.3371 35.5565 60.092 
35.6871 35.515 25.0 
35.2835 35.1965 37.471 
>    # 9999 9999 9999  
31.7498 35.8552 78.8561 
32.1007 36.0463 100.0 
32.1653 35.6468 76.7047 
>    # 9999 9999 9999  
31.9653 34.8495 21.8191 
31.5871 35.1011 27.201 
32.113 35.1057 41.6018 
>    # 9999 9999 9999  
30.7299 36.0697 58.1247 
31.1801 36.204 78.0045 
31.3196 35.8758 65.9031 
>    # 9999 9999 9999  
35.2835 35.1965 37.471 
34.7169 35.2309 52.5727 
35.0148 35.4299 61.2489 
>    # 9999 9999 9999  
34.4511 34.9536 37.3548 
34.1931 34.666 20.9444 
33.9214 34.9442 40.3 
>    # 9999 9999 9999  
31.1507 34.9513 0.0 
31.1056 35.3706 23.647 
31.5871 35.1011 27.201 
>    # 9999 9999 9999  
33.2302 34.6139 19.9374 
32.9838 34.3056 0.0 
32.7362 34.6277 19.2444 
>    # 9999 9999 9999  
31.1056 35.3706 23.647 
30.6486 35.5132 21.9425 
30.9996 35.7336 43.5778 
>    # 9999 9999 9999  
32.9838 34.3056 0.0 
32.479 34.3585 0.0 
32.7362 34.6277 19.2444 
>    # 9999 9999 9999  
34.002 34.3232 0.0 
33.4932 34.3003 0.0 
33.7282 34.6066 19.0817 
>    # 9999 9999 9999  
34.5038 35.5686 76.9439 
34.658 35.9459 100.0 
35.0208 35.7217 80.5023 
>    # 9999 9999 9999  
29.7644 36.2052 50.0 
29.7795 36.5949 75.0 
30.1503 36.2618 62.0074 
>    # 9999 9999 9999  
35.1587 36.0561 100.0 
35.5634 36.313 100.0 
35.4336 35.948 82.6342 
>    # 9999 9999 9999  
34.2278 35.2408 58.052 
34.7169 35.2309 52.5727 
34.4511 34.9536 37.3548 
>    # 9999 9999 9999  
35.5634 36.313 100.0 
35.7759 36.2914 75.0 
35.4336 35.948 82.6342 
>    # 9999 9999 9999  
32.4337 35.2705 57.2577 
32.5009 34.9258 36.2406 
32.113 35.1057 41.6018 
>    # 9999 9999 9999  
34.2278 35.2408 58.052 
34.4511 34.9536 37.3548 
33.9214 34.9442 40.3 
>    # 9999 9999 9999  
33.4932 34.3003 0.0 
33.2302 34.6139 19.9374 
33.7282 34.6066 19.0817 
>    # 9999 9999 9999  
29.7492 35.8155 25.0 
30.2549 35.9445 44.1909 
30.2312 35.6043 22.1909 
>    # 9999 9999 9999  
32.479 34.3585 0.0 
31.9957 34.4876 0.0 
32.3411 34.6618 17.4802 
>    # 9999 9999 9999  
34.1931 34.666 20.9444 
34.002 34.3232 0.0 
33.7282 34.6066 19.0817 
>    # 9999 9999 9999  
34.9957 34.5015 0.0 
34.5048 34.3904 0.0 
34.6015 34.6865 18.2619 
>    # 9999 9999 9999  
34.1931 34.666 20.9444 
33.7282 34.6066 19.0817 
33.9214 34.9442 40.3 
>    # 9999 9999 9999  
33.6316 35.2051 57.9286 
34.2278 35.2408 58.052 
33.9214 34.9442 40.3 
>    # 9999 9999 9999  
30.7299 36.0697 58.1247 
30.9996 35.7336 43.5778 
30.5936 35.8026 39.9526 
>    # 9999 9999 9999  
30.8809 36.3859 81.6068 
31.1801 36.204 78.0045 
30.7299 36.0697 58.1247 
>    # 9999 9999 9999  
30.466 36.4527 79.7593 
30.7858 36.715 100.0 
30.8809 36.3859 81.6068 
>    # 9999 9999 9999  
30.7858 36.715 100.0 
31.2396 36.5103 100.0 
30.8809 36.3859 81.6068 
>    # 9999 9999 9999  
31.9957 34.4876 0.0 
31.9653 34.8495 21.8191 
32.3411 34.6618 17.4802 
>    # 9999 9999 9999  
34.9571 34.8631 24.7703 
34.9957 34.5015 0.0 
34.6015 34.6865 18.2619 
>    # 9999 9999 9999  
34.1931 34.666 20.9444 
34.4511 34.9536 37.3548 
34.6015 34.6865 18.2619 
>    # 9999 9999 9999  
30.9996 35.7336 43.5778 
30.6486 35.5132 21.9425 
30.5936 35.8026 39.9526 
>    # 9999 9999 9999  
32.5009 34.9258 36.2406 
32.9594 35.1913 56.8029 
32.9619 34.8518 35.024 
>    # 9999 9999 9999  
31.8708 35.3592 51.2492 
32.4337 35.2705 57.2577 
32.113 35.1057 41.6018 
>    # 9999 9999 9999  
30.2549 35.9445 44.1909 
29.7644 36.2052 50.0 
30.1503 36.2618 62.0074 
>    # 9999 9999 9999  
30.6486 35.5132 21.9425 
30.2312 35.6043 22.1909 
30.5936 35.8026 39.9526 
>    # 9999 9999 9999  
34.5048 34.3904 0.0 
34.1931 34.666 20.9444 
34.6015 34.6865 18.2619 
>    # 9999 9999 9999  
30.2549 35.9445 44.1909 
30.7299 36.0697 58.1247 
30.5936 35.8026 39.9526 
>    # 9999 9999 9999  
31.2396 36.5103 100.0 
31.1801 36.204 78.0045 
30.8809 36.3859 81.6068 
>    # 9999 9999 9999  
30.2312 35.6043 22.1909 
30.2549 35.9445 44.1909 
30.5936 35.8026 39.9526 
>    # 9999 9999 9999  
35.3371 35.5565 60.092 
35.2835 35.1965 37.471 
35.0148 35.4299 61.2489 
>    # 9999 9999 9999  
32.7362 34.6277 19.2444 
32.479 34.3585 0.0 
32.3411 34.6618 17.4802 
>    # 9999 9999 9999  
32.9594 35.1913 56.8029 
33.3227 34.9628 42.432 
32.9619 34.8518 35.024 
>    # 9999 9999 9999  
33.2302 34.6139 19.9374 
32.7362 34.6277 19.2444 
32.9619 34.8518 35.024 
>    # 9999 9999 9999  
34.4511 34.9536 37.3548 
34.9571 34.8631 24.7703 
34.6015 34.6865 18.2619 
>    # 9999 9999 9999  
33.3227 34.9628 42.432 
33.2302 34.6139 19.9374 
32.9619 34.8518 35.024 
>    # 9999 9999 9999  
31.7498 35.8552 78.8561 
31.5002 35.5928 55.1549 
31.3196 35.8758 65.9031 
>    # 9999 9999 9999  
31.5002 35.5928 55.1549 
30.9996 35.7336 43.5778 
31.3196 35.8758 65.9031 
>    # 9999 9999 9999  
32.5009 34.9258 36.2406 
32.7362 34.6277 19.2444 
32.3411 34.6618 17.4802 
>    # 9999 9999 9999  
35.0208 35.7217 80.5023 
35.3371 35.5565 60.092 
35.0148 35.4299 61.2489 
>    # 9999 9999 9999  
32.7362 34.6277 19.2444 
32.5009 34.9258 36.2406 
32.9619 34.8518 35.024 
