36.48855550072202 36.75242695502928
36.47827181214999 36.699832549913204
36.45672503609427 36.61537077227332
36.437422833803545 36.48089900566553
36.38575991562215 36.275524822398005
36.35669952414513 36.12787629826596
36.31364709232731 35.964270405798146
36.290973243881695 35.717952449411015
36.28125078585206 35.54805793160918
36.290973243881695 35.41346730859129
36.315279388955794 35.32427615164528
36.340382628074956 35.22724542016863
36.35232093781723 35.11005067891993
36.344446763044715 34.969014244173536
36.33607891806188 34.83205545410869
36.33384101564373 34.68680963457238
36.31817569871667 34.59843430599013
36.29579667453517 34.511808919363176
36.25775233342661 34.42878524459408
36.21970799231804 34.356764620160085
36.18390155362764 34.30686789988046
36.11900238350127 34.24399279415399
36.06081692062935 34.17181347175221
36.01829677468449 34.09771921864818
35.97130082390333 34.01799548696503
35.91759116586771 33.95304874648767
35.872833117504705 33.88619463202425
35.776603313524234 33.74116424559301
35.716179948234156 33.651792656843476
35.65799448536225 33.54740839880617
35.62442594908998 33.459702728038096
35.58638160798142 33.38312098943837
35.559526778963615 33.25782995617238
35.55728887654547 33.20354369100063
35.56400258379992 33.12673667614732
35.59491352123921 33.06855406806221
35.62172722355303 33.014726988604096
35.62948908474914 32.940142914159686
35.61961035231773 32.82162624258844
35.60876063216293 32.68708994814845
35.58861951039958 32.49665488298081
35.57295419347252 32.32283760915378
35.56400258379992 32.13731675147492
35.54386146203657 31.90583396561886
35.50357921850986 31.63376286543223
35.454345365310544 31.322666633175174
35.41699566847971 30.96283773468603
35.38463334323113 30.74577612702417
35.344626653998056 30.55512839951772
35.26995254762506 30.380032965687022
35.16132712734661 30.050155406951205
35.06511604081425 29.773068057674447
34.94407628678969 29.511418782006828
34.795104281836366 29.232842802891252
34.68038575620988 28.894245297933548
34.592220277222715 28.53737394684419
34.476926958547196 28.185267686285655
34.42267127917049 27.921922141025863
34.37616573656596 27.648004677967727
34.371253668034 27.61536592714312
