>    # 9999 9999 9999  
36.5753 36.9803 20.0 
36.565 36.9364 12.0054 
36.5889 37.0226 10.4701 
>    # 9999 9999 9999  
40.1026 38.7528 20.0 
40.0369 38.7366 11.932 
40.157 38.7596 10.4731 
>    # 9999 9999 9999  
38.6398 38.1338 9.467 
38.7616 38.193 10.8862 
38.7113 38.1569 20.0 
>    # 9999 9999 9999  
36.473 36.7266 20.0 
36.4413 36.6783 11.8707 
36.496 36.7659 10.4688 
>    # 9999 9999 9999  
37.8837 37.8905 20.0 
37.8125 37.8709 11.7833 
37.9443 37.9105 10.1762 
>    # 9999 9999 9999  
40.7623 39.0457 10.462 
40.8375 39.1112 12.0037 
40.8017 39.0763 20.0 
>    # 9999 9999 9999  
37.5955 37.7571 20.0 
37.5395 37.7204 11.8931 
37.6346 37.7874 10.4658 
>    # 9999 9999 9999  
36.3561 36.5004 9.7287 
36.401 36.6201 11.883 
36.3823 36.5648 20.0 
>    # 9999 9999 9999  
40.96 39.2052 20.0 
40.907 39.1646 11.8735 
41.0226 39.2476 9.6503 
>    # 9999 9999 9999  
40.1026 38.7528 20.0 
40.157 38.7596 10.4731 
40.2154 38.7556 20.0 
>    # 9999 9999 9999  
36.5753 36.9803 20.0 
36.5889 37.0226 10.4701 
36.6097 37.0649 20.0 
>    # 9999 9999 9999  
38.6071 38.1237 20.0 
38.6398 38.1338 9.467 
38.7113 38.1569 20.0 
>    # 9999 9999 9999  
40.7154 39.0178 20.0 
40.7623 39.0457 10.462 
40.8017 39.0763 20.0 
>    # 9999 9999 9999  
36.473 36.7266 20.0 
36.496 36.7659 10.4688 
36.5201 36.8077 20.0 
>    # 9999 9999 9999  
37.8837 37.8905 20.0 
37.9443 37.9105 10.1762 
37.9881 37.9247 20.0 
>    # 9999 9999 9999  
37.5955 37.7571 20.0 
37.6346 37.7874 10.4658 
37.6789 37.817 20.0 
>    # 9999 9999 9999  
40.96 39.2052 20.0 
41.0226 39.2476 9.6503 
41.0467 39.2636 20.0 
>    # 9999 9999 9999  
36.3474 36.48 20.0 
36.3561 36.5004 9.7287 
36.3823 36.5648 20.0 
>    # 9999 9999 9999  
38.0494 37.9428 2.5938 
38.0581 37.9451 11.6066 
37.9856 37.9239 2.5945 
>    # 9999 9999 9999  
36.565 36.9364 12.0054 
36.5747 36.9779 5.2071 
36.5889 37.0226 10.4701 
>    # 9999 9999 9999  
40.0369 38.7366 11.932 
40.0931 38.7503 4.8824 
40.157 38.7596 10.4731 
>    # 9999 9999 9999  
37.7334 37.8425 2.5907 
37.7342 37.8428 11.8172 
37.6758 37.8152 2.7961 
>    # 9999 9999 9999  
36.4413 36.6783 11.8707 
36.4702 36.7217 5.2761 
36.496 36.7659 10.4688 
>    # 9999 9999 9999  
37.8125 37.8709 11.7833 
37.8735 37.8878 4.8399 
37.9443 37.9105 10.1762 
>    # 9999 9999 9999  
39.8479 38.6504 10.7154 
39.9727 38.7071 11.6522 
39.8991 38.6737 20.0 
>    # 9999 9999 9999  
36.6492 37.1078 2.5948 
36.6482 37.1066 11.8651 
36.6105 37.0658 2.7088 
>    # 9999 9999 9999  
36.544 36.8558 2.5892 
36.5437 36.8551 11.8255 
36.5191 36.8057 2.5948 
>    # 9999 9999 9999  
39.8818 38.6658 0.0 
39.8371 38.6456 2.5569 
39.852 38.6523 0.0 
>    # 9999 9999 9999  
40.2815 38.7429 2.5916 
40.2792 38.7434 11.8823 
40.2168 38.7554 2.7072 
>    # 9999 9999 9999  
39.7509 38.6032 2.5915 
39.6828 38.5812 10.158 
39.656 38.5716 2.594 
>    # 9999 9999 9999  
40.7623 39.0457 10.462 
40.8043 39.0788 5.2115 
40.8375 39.1112 12.0037 
>    # 9999 9999 9999  
36.6009 37.0527 0.0 
36.5854 37.0141 2.5932 
36.5906 37.027 0.0 
>    # 9999 9999 9999  
40.7176 39.0191 2.5912 
40.6744 38.9785 11.8194 
40.6739 38.9779 2.5916 
>    # 9999 9999 9999  
38.6032 38.1222 2.7393 
38.5506 38.0989 11.8903 
38.5484 38.0977 2.5935 
>    # 9999 9999 9999  
41.0839 39.2842 0.0 
41.043 39.2616 2.6598 
41.0556 39.2686 0.0 
>    # 9999 9999 9999  
40.9012 39.1607 0.0 
40.9123 39.1682 2.8355 
40.8749 39.1432 0.0 
>    # 9999 9999 9999  
40.2647 38.746 0.0 
40.2168 38.7554 2.7072 
40.2313 38.7526 0.0 
>    # 9999 9999 9999  
36.538 36.8432 0.0 
36.5191 36.8057 2.5948 
36.5254 36.8182 0.0 
>    # 9999 9999 9999  
37.9856 37.9239 2.5945 
38.0581 37.9451 11.6066 
37.9443 37.9105 10.1762 
>    # 9999 9999 9999  
40.8289 39.1029 0.0 
40.8399 39.1134 2.5922 
40.8074 39.0818 0.0 
>    # 9999 9999 9999  
37.0168 37.4682 0.0 
36.9724 37.4486 2.5923 
36.9872 37.4551 0.0 
>    # 9999 9999 9999  
38.7948 38.2125 0.0 
38.7537 38.1883 2.5879 
38.7674 38.1964 0.0 
>    # 9999 9999 9999  
38.5342 38.0902 0.0 
38.5484 38.0977 2.5935 
38.5059 38.0751 0.0 
>    # 9999 9999 9999  
36.6394 37.0968 0.0 
36.6105 37.0658 2.7088 
36.6193 37.0751 0.0 
>    # 9999 9999 9999  
39.735 38.5981 0.0 
39.7509 38.6032 2.5915 
39.7032 38.5878 0.0 
>    # 9999 9999 9999  
40.7587 39.0437 0.0 
40.7176 39.0191 2.5912 
40.7309 39.0277 0.0 
>    # 9999 9999 9999  
38.1286 37.9676 0.0 
38.1417 37.9724 2.8304 
38.0976 37.9564 0.0 
>    # 9999 9999 9999  
37.7799 37.8593 0.0 
37.7334 37.8425 2.5907 
37.7489 37.8482 0.0 
>    # 9999 9999 9999  
40.6649 38.9664 0.0 
40.6739 38.9779 2.5916 
40.6469 38.9433 0.0 
>    # 9999 9999 9999  
40.8074 39.0818 0.0 
40.7725 39.0519 2.5835 
40.7845 39.0616 0.0 
>    # 9999 9999 9999  
39.1179 38.3631 0.0 
39.1337 38.3684 2.5926 
39.0864 38.3526 0.0 
>    # 9999 9999 9999  
36.882 37.3885 0.0 
36.8924 37.399 2.7469 
36.8612 37.3672 0.0 
>    # 9999 9999 9999  
36.8612 37.3672 0.0 
36.8312 37.3346 2.5933 
36.8412 37.3454 0.0 
>    # 9999 9999 9999  
36.3658 36.5229 0.0 
36.3666 36.5249 2.6041 
36.3548 36.4974 0.0 
>    # 9999 9999 9999  
40.6469 38.9433 0.0 
40.6189 38.9093 2.5931 
40.6282 38.9206 0.0 
>    # 9999 9999 9999  
36.4833 36.7447 0.0 
36.4905 36.7569 2.5947 
36.4693 36.7202 0.0 
>    # 9999 9999 9999  
39.5769 38.5454 0.0 
39.5287 38.5311 2.594 
39.5447 38.5359 0.0 
>    # 9999 9999 9999  
38.8223 38.2286 0.0 
38.8361 38.2366 2.5946 
38.7948 38.2125 0.0 
>    # 9999 9999 9999  
37.9698 37.9188 0.0 
37.9856 37.9239 2.5945 
37.9383 37.9086 0.0 
>    # 9999 9999 9999  
37.5875 37.7514 0.0 
37.5481 37.7257 2.5933 
37.5613 37.7342 0.0 
>    # 9999 9999 9999  
39.2997 38.4388 0.0 
39.2544 38.4195 2.5948 
39.2695 38.4259 0.0 
>    # 9999 9999 9999  
39.9414 38.6929 0.0 
39.954 38.6986 2.8502 
39.9116 38.6793 0.0 
>    # 9999 9999 9999  
36.7858 37.2777 0.0 
36.7617 37.2421 2.5919 
36.7696 37.254 0.0 
>    # 9999 9999 9999  
38.8782 38.2597 0.0 
38.8361 38.2366 2.5946 
38.85 38.2444 0.0 
>    # 9999 9999 9999  
36.7338 37.2083 0.0 
36.7087 37.1731 2.5933 
36.717 37.1849 0.0 
>    # 9999 9999 9999  
36.8219 37.3233 0.0 
36.8312 37.3346 2.5933 
36.8039 37.3005 0.0 
>    # 9999 9999 9999  
37.3784 37.6141 0.0 
37.3897 37.6209 2.8527 
37.3512 37.598 0.0 
>    # 9999 9999 9999  
37.2625 37.5584 0.0 
37.2777 37.5644 2.5944 
37.2322 37.5464 0.0 
>    # 9999 9999 9999  
37.2322 37.5464 0.0 
37.1869 37.528 2.5934 
37.2019 37.5341 0.0 
>    # 9999 9999 9999  
36.5622 36.9216 0.0 
36.5647 36.935 2.5938 
36.5567 36.895 0.0 
>    # 9999 9999 9999  
37.0771 37.4923 0.0 
37.0901 37.497 2.8515 
37.0459 37.482 0.0 
>    # 9999 9999 9999  
39.2393 38.4131 0.0 
39.2544 38.4195 2.5948 
39.2094 38.3998 0.0 
>    # 9999 9999 9999  
40.5601 38.827 0.0 
40.5678 38.8366 2.8506 
40.5412 38.8044 0.0 
>    # 9999 9999 9999  
36.3439 36.4719 0.0 
36.3256 36.4342 2.5945 
36.3319 36.4467 0.0 
>    # 9999 9999 9999  
37.9069 37.8982 0.0 
37.9226 37.9034 2.5944 
37.8752 37.8882 0.0 
>    # 9999 9999 9999  
38.0976 37.9564 0.0 
38.0494 37.9428 2.5938 
38.0656 37.9471 0.0 
>    # 9999 9999 9999  
36.4371 36.6729 0.0 
36.4461 36.6844 2.5939 
36.4199 36.6498 0.0 
>    # 9999 9999 9999  
38.0333 37.9385 0.0 
37.9856 37.9239 2.5945 
38.0014 37.929 0.0 
>    # 9999 9999 9999  
37.5346 37.7175 0.0 
37.5481 37.7257 2.5933 
37.5081 37.7006 0.0 
>    # 9999 9999 9999  
36.9582 37.4412 0.0 
36.9724 37.4486 2.5923 
36.9306 37.4256 0.0 
>    # 9999 9999 9999  
36.5811 37.0011 0.0 
36.5854 37.0141 2.5932 
36.5738 36.9748 0.0 
>    # 9999 9999 9999  
36.7528 37.2306 0.0 
36.7617 37.2421 2.5919 
36.7338 37.2083 0.0 
>    # 9999 9999 9999  
39.6405 38.5658 0.0 
39.656 38.5716 2.594 
39.609 38.555 0.0 
>    # 9999 9999 9999  
39.024 38.3303 0.0 
39.0394 38.3361 2.5938 
38.9936 38.3179 0.0 
>    # 9999 9999 9999  
38.6562 38.1373 0.0 
38.6587 38.1378 2.5959 
38.6233 38.1298 0.0 
>    # 9999 9999 9999  
39.0864 38.3526 0.0 
39.0394 38.3361 2.5938 
39.0549 38.3419 0.0 
>    # 9999 9999 9999  
37.4595 37.6629 0.0 
37.4699 37.6703 2.8348 
37.4335 37.6456 0.0 
>    # 9999 9999 9999  
39.798 38.6195 0.0 
39.7509 38.6032 2.5915 
39.7669 38.6082 0.0 
>    # 9999 9999 9999  
39.7032 38.5878 0.0 
39.656 38.5716 2.594 
39.6715 38.5774 0.0 
>    # 9999 9999 9999  
36.5738 36.9748 0.0 
36.5647 36.935 2.5938 
36.5672 36.9483 0.0 
>    # 9999 9999 9999  
37.322 37.5842 0.0 
37.2777 37.5644 2.5944 
37.2927 37.5706 0.0 
>    # 9999 9999 9999  
37.6126 37.7695 0.0 
37.6245 37.7792 2.5914 
37.5875 37.7514 0.0 
>    # 9999 9999 9999  
41.0285 39.2519 0.0 
40.9888 39.2258 2.5927 
41.0025 39.2341 0.0 
>    # 9999 9999 9999  
36.5126 36.7933 0.0 
36.5191 36.8057 2.5948 
36.4979 36.769 0.0 
>    # 9999 9999 9999  
37.6614 37.807 0.0 
37.6245 37.7792 2.5914 
37.6364 37.7889 0.0 
>    # 9999 9999 9999  
40.8749 39.1432 0.0 
40.8399 39.1134 2.5922 
40.851 39.1237 0.0 
>    # 9999 9999 9999  
38.9346 38.2903 0.0 
38.947 38.2961 2.8522 
38.9064 38.2751 0.0 
>    # 9999 9999 9999  
37.8109 37.8704 0.0 
37.8243 37.8743 2.8355 
37.7799 37.8593 0.0 
>    # 9999 9999 9999  
36.4199 36.6498 0.0 
36.3976 36.6136 2.593 
36.4042 36.626 0.0 
>    # 9999 9999 9999  
39.5126 38.5263 0.0 
39.5287 38.5311 2.594 
39.4815 38.5148 0.0 
>    # 9999 9999 9999  
39.1798 38.3863 0.0 
39.1495 38.3736 0.0 
39.1337 38.3684 2.5926 
>    # 9999 9999 9999  
40.6095 38.898 0.0 
40.6189 38.9093 2.5931 
40.5934 38.8741 0.0 
>    # 9999 9999 9999  
37.1715 37.5222 0.0 
37.1396 37.5131 0.0 
37.1869 37.528 2.5934 
>    # 9999 9999 9999  
36.6998 37.1617 0.0 
36.6792 37.1403 0.0 
36.7087 37.1731 2.5933 
>    # 9999 9999 9999  
38.5926 38.1181 0.0 
38.5484 38.0977 2.5935 
38.5625 38.1053 0.0 
>    # 9999 9999 9999  
38.4425 38.0573 0.0 
38.4564 38.059 2.827 
38.4084 38.0556 0.0 
>    # 9999 9999 9999  
38.2177 38.0069 0.0 
38.1893 37.9921 0.0 
38.231 38.0153 2.5862 
>    # 9999 9999 9999  
36.4693 36.7202 0.0 
36.4549 36.6958 0.0 
36.4461 36.6844 2.5939 
>    # 9999 9999 9999  
38.6398 38.1338 9.467 
38.7616 38.193 10.8862 
38.7021 38.152 4.5863 
>    # 9999 9999 9999  
39.8252 38.6359 0.0 
39.798 38.6195 0.0 
39.8371 38.6456 2.5569 
>    # 9999 9999 9999  
37.7179 37.8369 0.0 
37.7334 37.8425 2.5907 
37.689 37.8228 0.0 
>    # 9999 9999 9999  
40.4668 38.7503 0.0 
40.4351 38.7407 0.0 
40.4822 38.7564 2.5763 
>    # 9999 9999 9999  
40.1974 38.7574 0.0 
40.1459 38.7592 2.5927 
40.1631 38.7598 0.0 
>    # 9999 9999 9999  
40.4931 38.761 10.7166 
40.5796 38.8516 11.8574 
40.5305 38.793 20.0 
>    # 9999 9999 9999  
40.9752 39.2174 0.0 
40.9888 39.2258 2.5927 
40.9513 39.1979 0.0 
>    # 9999 9999 9999  
37.5395 37.7204 11.8931 
37.5891 37.7525 5.3062 
37.6346 37.7874 10.4658 
>    # 9999 9999 9999  
36.3917 36.601 0.0 
36.3976 36.6136 2.593 
36.3848 36.5746 0.0 
>    # 9999 9999 9999  
38.7399 38.1803 0.0 
38.7537 38.1883 2.5879 
38.7161 38.1611 0.0 
>    # 9999 9999 9999  
38.2411 38.021 10.7285 
38.2933 38.0386 20.0 
38.3742 38.0542 11.9913 
>    # 9999 9999 9999  
36.9306 37.4256 0.0 
36.8924 37.399 2.7469 
36.9039 37.409 0.0 
>    # 9999 9999 9999  
40.0303 38.7341 0.0 
40.0435 38.7385 2.8297 
40.001 38.7199 0.0 
>    # 9999 9999 9999  
40.3667 38.7343 0.0 
40.3323 38.7364 0.0 
40.3808 38.7353 2.836 
>    # 9999 9999 9999  
38.2767 38.0332 0.0 
38.231 38.0153 2.5862 
38.2453 38.0227 0.0 
>    # 9999 9999 9999  
36.3067 36.3967 3.034 
36.3256 36.4342 2.5945 
36.3067 36.3967 7.1164 
>    # 9999 9999 9999  
37.9443 37.9105 10.1762 
38.0581 37.9451 11.6066 
37.9881 37.9247 20.0 
>    # 9999 9999 9999  
40.7042 39.0106 0.0 
40.7176 39.0191 2.5912 
40.683 38.9893 0.0 
>    # 9999 9999 9999  
36.7675 37.2509 10.7492 
36.8425 37.3468 11.8912 
36.7944 37.2885 20.0 
>    # 9999 9999 9999  
41.146 39.3073 7.1164 
41.0981 39.292 2.5883 
41.146 39.3073 3.034 
>    # 9999 9999 9999  
40.1287 38.7586 0.0 
40.1459 38.7592 2.5927 
40.0957 38.751 0.0 
>    # 9999 9999 9999  
40.5209 38.7826 0.0 
40.497 38.7633 0.0 
40.4822 38.7564 2.5763 
>    # 9999 9999 9999  
38.8464 38.2424 10.7523 
38.969 38.3064 11.7308 
38.8901 38.2662 20.0 
>    # 9999 9999 9999  
36.9833 37.4534 10.7499 
37.1134 37.5054 11.7338 
37.029 37.4741 20.0 
>    # 9999 9999 9999  
36.3561 36.5004 9.7287 
36.3815 36.5618 4.8754 
36.401 36.6201 11.883 
>    # 9999 9999 9999  
40.907 39.1646 11.8735 
40.9525 39.1988 5.0902 
41.0226 39.2476 9.6503 
>    # 9999 9999 9999  
38.3402 38.0527 0.0 
38.3545 38.0533 2.8466 
38.3083 38.0434 0.0 
>    # 9999 9999 9999  
39.1453 38.3723 10.7485 
39.2737 38.4277 11.7079 
39.1907 38.3912 20.0 
>    # 9999 9999 9999  
37.2889 37.5689 10.7518 
37.4099 37.6324 11.7229 
37.3328 37.5892 20.0 
>    # 9999 9999 9999  
39.892 38.6704 4.6147 
39.9727 38.7071 11.6522 
39.8479 38.6504 10.7154 
>    # 9999 9999 9999  
37.6758 37.8152 2.7961 
37.7342 37.8428 11.8172 
37.6346 37.7874 10.4658 
>    # 9999 9999 9999  
40.5412 38.8044 0.0 
40.5274 38.7896 4.6013 
40.5209 38.7826 0.0 
>    # 9999 9999 9999  
39.2094 38.3998 0.0 
39.1889 38.3904 4.5536 
39.1798 38.3863 0.0 
>    # 9999 9999 9999  
37.0459 37.482 0.0 
37.0258 37.4725 4.5985 
37.0168 37.4682 0.0 
>    # 9999 9999 9999  
36.8039 37.3005 0.0 
36.7916 37.285 4.5634 
36.7858 37.2777 0.0 
>    # 9999 9999 9999  
39.9116 38.6793 0.0 
39.892 38.6704 4.6147 
39.8818 38.6658 0.0 
>    # 9999 9999 9999  
37.3512 37.598 0.0 
37.3309 37.5884 4.5936 
37.322 37.5842 0.0 
>    # 9999 9999 9999  
39.609 38.555 0.0 
39.5934 38.5504 5.3147 
39.5769 38.5454 0.0 
>    # 9999 9999 9999  
38.9064 38.2751 0.0 
38.887 38.2645 4.599 
38.8782 38.2597 0.0 
>    # 9999 9999 9999  
39.774 38.6104 11.2499 
39.6828 38.5812 10.158 
39.7509 38.6032 2.5915 
>    # 9999 9999 9999  
36.5191 36.8057 2.5948 
36.5437 36.8551 11.8255 
36.496 36.7659 10.4688 
>    # 9999 9999 9999  
38.3083 38.0434 0.0 
38.2871 38.0367 4.5975 
38.2767 38.0332 0.0 
>    # 9999 9999 9999  
36.6105 37.0658 2.7088 
36.6482 37.1066 11.8651 
36.5889 37.0226 10.4701 
>    # 9999 9999 9999  
40.2168 38.7554 2.7072 
40.2792 38.7434 11.8823 
40.157 38.7596 10.4731 
>    # 9999 9999 9999  
40.7623 39.0457 10.462 
40.6744 38.9785 11.8194 
40.7176 39.0191 2.5912 
>    # 9999 9999 9999  
38.6398 38.1338 9.467 
38.5506 38.0989 11.8903 
38.6032 38.1222 2.7393 
>    # 9999 9999 9999  
40.4405 38.7411 20.0 
40.5305 38.793 20.0 
40.4931 38.761 10.7166 
>    # 9999 9999 9999  
37.2338 37.547 20.0 
37.1837 37.5267 12.0081 
37.2889 37.5689 10.7518 
>    # 9999 9999 9999  
37.6346 37.7874 10.4658 
37.6789 37.817 20.0 
37.7342 37.8428 11.8172 
>    # 9999 9999 9999  
39.088 38.3532 20.0 
39.0362 38.3349 12.0043 
39.1453 38.3723 10.7485 
>    # 9999 9999 9999  
38.2871 38.0367 4.5975 
38.3742 38.0542 11.9913 
38.2411 38.021 10.7285 
>    # 9999 9999 9999  
36.7916 37.285 4.5634 
36.8425 37.3468 11.8912 
36.7675 37.2509 10.7492 
>    # 9999 9999 9999  
38.1956 37.9949 20.0 
38.2411 38.021 10.7285 
38.2933 38.0386 20.0 
>    # 9999 9999 9999  
40.4351 38.7407 0.0 
40.432 38.7404 4.9342 
40.4009 38.7374 0.0 
>    # 9999 9999 9999  
38.7161 38.1611 0.0 
38.7021 38.152 4.5863 
38.6887 38.1453 0.0 
>    # 9999 9999 9999  
40.5274 38.7896 4.6013 
40.4931 38.761 10.7166 
40.5796 38.8516 11.8574 
>    # 9999 9999 9999  
38.5059 38.0751 0.0 
38.5034 38.0738 4.8888 
38.4759 38.0623 0.0 
>    # 9999 9999 9999  
39.8057 38.6234 20.0 
39.8479 38.6504 10.7154 
39.8991 38.6737 20.0 
>    # 9999 9999 9999  
36.5567 36.895 0.0 
36.5561 36.8932 4.8845 
36.5483 36.8689 0.0 
>    # 9999 9999 9999  
36.9334 37.4274 20.0 
36.9833 37.4534 10.7499 
37.029 37.4741 20.0 
>    # 9999 9999 9999  
37.5081 37.7006 0.0 
37.5059 37.6987 4.9458 
37.4846 37.6811 0.0 
>    # 9999 9999 9999  
39.4204 38.4903 0.0 
39.3897 38.4774 4.7992 
39.39 38.4776 0.0 
>    # 9999 9999 9999  
37.4335 37.6456 0.0 
37.4324 37.6449 4.9321 
37.4057 37.6301 0.0 
>    # 9999 9999 9999  
37.8752 37.8882 0.0 
37.8735 37.8878 4.8399 
37.843 37.8794 0.0 
>    # 9999 9999 9999  
39.39 38.4776 0.0 
39.3897 38.4774 4.7992 
39.3599 38.4646 0.0 
>    # 9999 9999 9999  
38.4084 38.0556 0.0 
38.4069 38.0555 4.9593 
38.3743 38.0542 0.0 
>    # 9999 9999 9999  
38.9936 38.3179 0.0 
38.9919 38.3171 4.7982 
38.9641 38.3041 0.0 
>    # 9999 9999 9999  
39.3298 38.4517 0.0 
39.3019 38.4397 5.0048 
39.2997 38.4388 0.0 
>    # 9999 9999 9999  
37.1396 37.5131 0.0 
37.1378 37.5126 4.798 
37.108 37.5034 0.0 
>    # 9999 9999 9999  
39.4815 38.5148 0.0 
39.4794 38.514 4.9652 
39.4509 38.5025 0.0 
>    # 9999 9999 9999  
40.5934 38.8741 0.0 
40.5928 38.873 4.8326 
40.5784 38.8498 0.0 
>    # 9999 9999 9999  
38.1893 37.9921 0.0 
38.1867 37.991 4.8926 
38.1594 37.9791 0.0 
>    # 9999 9999 9999  
36.6792 37.1403 0.0 
36.6781 37.1392 4.9666 
36.6591 37.1187 0.0 
>    # 9999 9999 9999  
38.7977 38.2142 20.0 
38.8464 38.2424 10.7523 
38.8901 38.2662 20.0 
>    # 9999 9999 9999  
40.9513 39.1979 0.0 
40.9525 39.1988 5.0902 
40.9275 39.1783 0.0 
>    # 9999 9999 9999  
36.3848 36.5746 0.0 
36.3815 36.5618 4.8754 
36.3767 36.5484 0.0 
>    # 9999 9999 9999  
39.088 38.3532 20.0 
39.1453 38.3723 10.7485 
39.1907 38.3912 20.0 
>    # 9999 9999 9999  
37.2338 37.547 20.0 
37.2889 37.5689 10.7518 
37.3328 37.5892 20.0 
>    # 9999 9999 9999  
40.001 38.7199 0.0 
39.9984 38.7187 4.8046 
39.9712 38.7064 0.0 
>    # 9999 9999 9999  
36.496 36.7659 10.4688 
36.5437 36.8551 11.8255 
36.5201 36.8077 20.0 
>    # 9999 9999 9999  
40.7154 39.0178 20.0 
40.7623 39.0457 10.462 
40.6744 38.9785 11.8194 
>    # 9999 9999 9999  
40.3323 38.7364 0.0 
40.3295 38.7366 4.953 
40.2982 38.7399 0.0 
>    # 9999 9999 9999  
36.7368 37.2119 20.0 
36.7675 37.2509 10.7492 
36.7944 37.2885 20.0 
>    # 9999 9999 9999  
39.4912 38.5187 20.0 
39.5309 38.5317 10.9597 
39.5971 38.5515 20.0 
>    # 9999 9999 9999  
40.0957 38.751 0.0 
40.0931 38.7503 4.8824 
40.0628 38.7429 0.0 
>    # 9999 9999 9999  
38.7977 38.2142 20.0 
38.7616 38.193 10.8862 
38.8464 38.2424 10.7523 
>    # 9999 9999 9999  
40.157 38.7596 10.4731 
40.2792 38.7434 11.8823 
40.2154 38.7556 20.0 
>    # 9999 9999 9999  
36.9334 37.4274 20.0 
36.8913 37.3979 12.0179 
36.9833 37.4534 10.7499 
>    # 9999 9999 9999  
38.887 38.2645 4.599 
38.969 38.3064 11.7308 
38.8464 38.2424 10.7523 
>    # 9999 9999 9999  
36.5889 37.0226 10.4701 
36.6097 37.0649 20.0 
36.6482 37.1066 11.8651 
>    # 9999 9999 9999  
37.0258 37.4725 4.5985 
37.1134 37.5054 11.7338 
36.9833 37.4534 10.7499 
>    # 9999 9999 9999  
38.6071 38.1237 20.0 
38.5506 38.0989 11.8903 
38.6398 38.1338 9.467 
>    # 9999 9999 9999  
40.4405 38.7411 20.0 
40.3714 38.7345 11.8831 
40.4931 38.761 10.7166 
>    # 9999 9999 9999  
36.7368 37.2119 20.0 
36.7088 37.1732 12.0095 
36.7675 37.2509 10.7492 
>    # 9999 9999 9999  
39.1889 38.3904 4.5536 
39.2737 38.4277 11.7079 
39.1453 38.3723 10.7485 
>    # 9999 9999 9999  
37.3309 37.5884 4.5936 
37.4099 37.6324 11.7229 
37.2889 37.5689 10.7518 
>    # 9999 9999 9999  
39.8818 38.6658 0.0 
39.892 38.6704 4.6147 
39.8371 38.6456 2.5569 
>    # 9999 9999 9999  
37.0168 37.4682 0.0 
37.0258 37.4725 4.5985 
36.9724 37.4486 2.5923 
>    # 9999 9999 9999  
39.5769 38.5454 0.0 
39.5934 38.5504 5.3147 
39.5287 38.5311 2.594 
>    # 9999 9999 9999  
38.8782 38.2597 0.0 
38.887 38.2645 4.599 
38.8361 38.2366 2.5946 
>    # 9999 9999 9999  
37.322 37.5842 0.0 
37.3309 37.5884 4.5936 
37.2777 37.5644 2.5944 
>    # 9999 9999 9999  
36.7858 37.2777 0.0 
36.7916 37.285 4.5634 
36.7617 37.2421 2.5919 
>    # 9999 9999 9999  
39.1798 38.3863 0.0 
39.1889 38.3904 4.5536 
39.1337 38.3684 2.5926 
>    # 9999 9999 9999  
38.2767 38.0332 0.0 
38.2871 38.0367 4.5975 
38.231 38.0153 2.5862 
>    # 9999 9999 9999  
40.5209 38.7826 0.0 
40.5274 38.7896 4.6013 
40.4822 38.7564 2.5763 
>    # 9999 9999 9999  
36.3474 36.48 20.0 
36.33 36.443 14.9064 
36.3561 36.5004 9.7287 
>    # 9999 9999 9999  
41.0226 39.2476 9.6503 
41.0887 39.2869 15.2661 
41.0467 39.2636 20.0 
>    # 9999 9999 9999  
39.7016 38.5873 20.0 
39.6137 38.5564 12.8705 
39.6828 38.5812 10.158 
>    # 9999 9999 9999  
39.39 38.4776 20.0 
39.3435 38.4576 11.9759 
39.4306 38.4944 11.8218 
>    # 9999 9999 9999  
37.9881 37.9247 20.0 
38.0581 37.9451 11.6066 
38.0943 37.9553 20.0 
>    # 9999 9999 9999  
38.1956 37.9949 20.0 
38.1325 37.969 11.5426 
38.2411 38.021 10.7285 
>    # 9999 9999 9999  
39.8057 38.6234 20.0 
39.774 38.6104 11.2499 
39.8479 38.6504 10.7154 
>    # 9999 9999 9999  
36.3472 36.4795 2.7554 
36.3561 36.5004 9.7287 
36.3342 36.4513 9.611 
>    # 9999 9999 9999  
39.4912 38.5187 20.0 
39.4306 38.4944 11.8218 
39.5309 38.5317 10.9597 
>    # 9999 9999 9999  
41.0786 39.2813 9.6082 
41.0226 39.2476 9.6503 
41.043 39.2616 2.6598 
>    # 9999 9999 9999  
36.3561 36.5004 9.7287 
36.33 36.443 14.9064 
36.3342 36.4513 9.611 
>    # 9999 9999 9999  
39.3435 38.4576 11.9759 
39.3897 38.4774 4.7992 
39.4306 38.4944 11.8218 
>    # 9999 9999 9999  
37.1837 37.5267 12.0081 
37.2349 37.5474 5.279 
37.2889 37.5689 10.7518 
>    # 9999 9999 9999  
39.0362 38.3349 12.0043 
39.0892 38.3536 5.2784 
39.1453 38.3723 10.7485 
>    # 9999 9999 9999  
38.5103 38.0775 20.0 
38.5506 38.0989 11.8903 
38.6071 38.1237 20.0 
>    # 9999 9999 9999  
38.0943 37.9553 20.0 
38.1325 37.969 11.5426 
38.1956 37.9949 20.0 
>    # 9999 9999 9999  
39.7016 38.5873 20.0 
39.6828 38.5812 10.158 
39.774 38.6104 11.2499 
>    # 9999 9999 9999  
39.5971 38.5515 20.0 
39.6137 38.5564 12.8705 
39.7016 38.5873 20.0 
>    # 9999 9999 9999  
36.401 36.6201 11.883 
36.4413 36.6783 11.8707 
36.4191 36.6486 20.0 
>    # 9999 9999 9999  
41.0786 39.2813 9.6082 
41.0887 39.2869 15.2661 
41.0226 39.2476 9.6503 
>    # 9999 9999 9999  
40.2154 38.7556 20.0 
40.2792 38.7434 11.8823 
40.3269 38.7368 20.0 
>    # 9999 9999 9999  
36.3256 36.4342 2.5945 
36.3472 36.4795 2.7554 
36.3342 36.4513 9.611 
>    # 9999 9999 9999  
40.6488 38.9457 20.0 
40.6744 38.9785 11.8194 
40.7154 39.0178 20.0 
>    # 9999 9999 9999  
37.6789 37.817 20.0 
37.7342 37.8428 11.8172 
37.7782 37.8587 20.0 
>    # 9999 9999 9999  
36.3067 36.3967 20.0 
36.33 36.443 14.9064 
36.3474 36.48 20.0 
>    # 9999 9999 9999  
41.0786 39.2813 9.6082 
41.043 39.2616 2.6598 
41.0981 39.292 2.5883 
>    # 9999 9999 9999  
36.6097 37.0649 20.0 
36.6482 37.1066 11.8651 
36.676 37.1369 20.0 
>    # 9999 9999 9999  
36.5201 36.8077 20.0 
36.5437 36.8551 11.8255 
36.5558 36.8923 20.0 
>    # 9999 9999 9999  
37.5081 37.7006 20.0 
37.4712 37.6712 11.9858 
37.5395 37.7204 11.8931 
>    # 9999 9999 9999  
40.8375 39.1112 12.0037 
40.907 39.1646 11.8735 
40.8763 39.1441 20.0 
>    # 9999 9999 9999  
39.7016 38.5873 20.0 
39.774 38.6104 11.2499 
39.8057 38.6234 20.0 
>    # 9999 9999 9999  
39.39 38.4776 20.0 
39.4306 38.4944 11.8218 
39.4912 38.5187 20.0 
>    # 9999 9999 9999  
38.7616 38.193 10.8862 
38.7948 38.2125 5.1935 
38.8464 38.2424 10.7523 
>    # 9999 9999 9999  
40.3269 38.7368 20.0 
40.4405 38.7411 20.0 
40.3714 38.7345 11.8831 
>    # 9999 9999 9999  
36.8913 37.3979 12.0179 
36.9327 37.427 5.2793 
36.9833 37.4534 10.7499 
>    # 9999 9999 9999  
41.0467 39.2636 20.0 
41.0887 39.2869 15.2661 
41.146 39.3073 20.0 
>    # 9999 9999 9999  
38.403 38.0554 20.0 
38.5103 38.0775 20.0 
38.4612 38.0595 12.0143 
>    # 9999 9999 9999  
39.9979 38.7185 20.0 
40.0369 38.7366 11.932 
40.1026 38.7528 20.0 
>    # 9999 9999 9999  
36.4191 36.6486 20.0 
36.4413 36.6783 11.8707 
36.473 36.7266 20.0 
>    # 9999 9999 9999  
36.5558 36.8923 20.0 
36.565 36.9364 12.0054 
36.5753 36.9803 20.0 
>    # 9999 9999 9999  
38.7113 38.1569 20.0 
38.7616 38.193 10.8862 
38.7977 38.2142 20.0 
>    # 9999 9999 9999  
40.5904 38.869 20.0 
40.621 38.9118 11.9487 
40.6488 38.9457 20.0 
>    # 9999 9999 9999  
40.5305 38.793 20.0 
40.5796 38.8516 11.8574 
40.5904 38.869 20.0 
>    # 9999 9999 9999  
37.5081 37.7006 20.0 
37.5395 37.7204 11.8931 
37.5955 37.7571 20.0 
>    # 9999 9999 9999  
36.3823 36.5648 20.0 
36.401 36.6201 11.883 
36.4191 36.6486 20.0 
>    # 9999 9999 9999  
39.5309 38.5317 10.9597 
39.6137 38.5564 12.8705 
39.5971 38.5515 20.0 
>    # 9999 9999 9999  
40.8017 39.0763 20.0 
40.8375 39.1112 12.0037 
40.8763 39.1441 20.0 
>    # 9999 9999 9999  
37.7782 37.8587 20.0 
37.8125 37.8709 11.7833 
37.8837 37.8905 20.0 
>    # 9999 9999 9999  
39.8991 38.6737 20.0 
39.9727 38.7071 11.6522 
39.9979 38.7185 20.0 
>    # 9999 9999 9999  
40.8763 39.1441 20.0 
40.907 39.1646 11.8735 
40.96 39.2052 20.0 
>    # 9999 9999 9999  
36.857 37.3626 20.0 
36.8913 37.3979 12.0179 
36.9334 37.4274 20.0 
>    # 9999 9999 9999  
37.4247 37.6407 20.0 
37.4712 37.6712 11.9858 
37.5081 37.7006 20.0 
>    # 9999 9999 9999  
38.9858 38.3142 20.0 
39.0362 38.3349 12.0043 
39.088 38.3532 20.0 
>    # 9999 9999 9999  
39.2901 38.4347 20.0 
39.3435 38.4576 11.9759 
39.39 38.4776 20.0 
>    # 9999 9999 9999  
37.1312 37.5107 20.0 
37.1837 37.5267 12.0081 
37.2338 37.547 20.0 
>    # 9999 9999 9999  
36.676 37.1369 20.0 
36.7088 37.1732 12.0095 
36.7368 37.2119 20.0 
>    # 9999 9999 9999  
38.2933 38.0386 20.0 
38.3742 38.0542 11.9913 
38.403 38.0554 20.0 
>    # 9999 9999 9999  
36.7944 37.2885 20.0 
36.8425 37.3468 11.8912 
36.857 37.3626 20.0 
>    # 9999 9999 9999  
36.401 36.6201 11.883 
36.4199 36.6498 5.1927 
36.4413 36.6783 11.8707 
>    # 9999 9999 9999  
37.4712 37.6712 11.9858 
37.5059 37.6987 4.9458 
37.5395 37.7204 11.8931 
>    # 9999 9999 9999  
40.8375 39.1112 12.0037 
40.8742 39.1428 5.2203 
40.907 39.1646 11.8735 
>    # 9999 9999 9999  
36.7088 37.1732 12.0095 
36.7359 37.2108 5.2553 
36.7675 37.2509 10.7492 
>    # 9999 9999 9999  
37.029 37.4741 20.0 
37.1134 37.5054 11.7338 
37.1312 37.5107 20.0 
>    # 9999 9999 9999  
38.8901 38.2662 20.0 
38.969 38.3064 11.7308 
38.9858 38.3142 20.0 
>    # 9999 9999 9999  
39.1907 38.3912 20.0 
39.2737 38.4277 11.7079 
39.2901 38.4347 20.0 
>    # 9999 9999 9999  
38.0943 37.9553 20.0 
38.0581 37.9451 11.6066 
38.1325 37.969 11.5426 
>    # 9999 9999 9999  
37.3328 37.5892 20.0 
37.4099 37.6324 11.7229 
37.4247 37.6407 20.0 
>    # 9999 9999 9999  
37.3897 37.6209 2.8527 
37.4324 37.6449 4.9321 
37.4099 37.6324 11.7229 
>    # 9999 9999 9999  
39.2544 38.4195 2.5948 
39.3019 38.4397 5.0048 
39.2737 38.4277 11.7079 
>    # 9999 9999 9999  
37.3897 37.6209 2.8527 
37.4099 37.6324 11.7229 
37.3309 37.5884 4.5936 
>    # 9999 9999 9999  
39.2544 38.4195 2.5948 
39.2737 38.4277 11.7079 
39.1889 38.3904 4.5536 
>    # 9999 9999 9999  
38.947 38.2961 2.8522 
38.969 38.3064 11.7308 
38.887 38.2645 4.599 
>    # 9999 9999 9999  
37.0901 37.497 2.8515 
37.1134 37.5054 11.7338 
37.0258 37.4725 4.5985 
>    # 9999 9999 9999  
38.947 38.2961 2.8522 
38.9919 38.3171 4.7982 
38.969 38.3064 11.7308 
>    # 9999 9999 9999  
37.0901 37.497 2.8515 
37.1378 37.5126 4.798 
37.1134 37.5054 11.7338 
>    # 9999 9999 9999  
40.621 38.9118 11.9487 
40.6744 38.9785 11.8194 
40.6488 38.9457 20.0 
>    # 9999 9999 9999  
36.8312 37.3346 2.5933 
36.8425 37.3468 11.8912 
36.7916 37.285 4.5634 
>    # 9999 9999 9999  
37.7782 37.8587 20.0 
37.7342 37.8428 11.8172 
37.8125 37.8709 11.7833 
>    # 9999 9999 9999  
40.5678 38.8366 2.8506 
40.5796 38.8516 11.8574 
40.5274 38.7896 4.6013 
>    # 9999 9999 9999  
38.3545 38.0533 2.8466 
38.3742 38.0542 11.9913 
38.2871 38.0367 4.5975 
>    # 9999 9999 9999  
38.4612 38.0595 12.0143 
38.5506 38.0989 11.8903 
38.5103 38.0775 20.0 
>    # 9999 9999 9999  
36.5558 36.8923 20.0 
36.5437 36.8551 11.8255 
36.565 36.9364 12.0054 
>    # 9999 9999 9999  
36.8312 37.3346 2.5933 
36.8612 37.3672 5.191 
36.8425 37.3468 11.8912 
>    # 9999 9999 9999  
40.5678 38.8366 2.8506 
40.5928 38.873 4.8326 
40.5796 38.8516 11.8574 
>    # 9999 9999 9999  
39.954 38.6986 2.8502 
39.9727 38.7071 11.6522 
39.892 38.6704 4.6147 
>    # 9999 9999 9999  
40.3714 38.7345 11.8831 
40.4931 38.761 10.7166 
40.432 38.7404 4.9342 
>    # 9999 9999 9999  
38.3545 38.0533 2.8466 
38.4069 38.0555 4.9593 
38.3742 38.0542 11.9913 
>    # 9999 9999 9999  
39.954 38.6986 2.8502 
39.9984 38.7187 4.8046 
39.9727 38.7071 11.6522 
>    # 9999 9999 9999  
40.3269 38.7368 20.0 
40.2792 38.7434 11.8823 
40.3714 38.7345 11.8831 
>    # 9999 9999 9999  
36.676 37.1369 20.0 
36.6482 37.1066 11.8651 
36.7088 37.1732 12.0095 
>    # 9999 9999 9999  
36.3976 36.6136 2.593 
36.4199 36.6498 5.1927 
36.401 36.6201 11.883 
>    # 9999 9999 9999  
40.907 39.1646 11.8735 
40.8742 39.1428 5.2203 
40.9123 39.1682 2.8355 
>    # 9999 9999 9999  
37.4699 37.6703 2.8348 
37.5059 37.6987 4.9458 
37.4712 37.6712 11.9858 
>    # 9999 9999 9999  
37.5395 37.7204 11.8931 
37.5059 37.6987 4.9458 
37.5481 37.7257 2.5933 
>    # 9999 9999 9999  
38.4612 38.0595 12.0143 
38.4069 38.0555 4.9593 
38.4564 38.059 2.827 
>    # 9999 9999 9999  
39.3447 38.4581 3.0863 
39.3897 38.4774 4.7992 
39.3435 38.4576 11.9759 
>    # 9999 9999 9999  
38.4564 38.059 2.827 
38.5034 38.0738 4.8888 
38.4612 38.0595 12.0143 
>    # 9999 9999 9999  
37.1869 37.528 2.5934 
37.2349 37.5474 5.279 
37.1837 37.5267 12.0081 
>    # 9999 9999 9999  
40.0369 38.7366 11.932 
39.9984 38.7187 4.8046 
40.0435 38.7385 2.8297 
>    # 9999 9999 9999  
36.4413 36.6783 11.8707 
36.4199 36.6498 5.1927 
36.4461 36.6844 2.5939 
>    # 9999 9999 9999  
37.8125 37.8709 11.7833 
37.7784 37.8588 5.1941 
37.8243 37.8743 2.8355 
>    # 9999 9999 9999  
39.0394 38.3361 2.5938 
39.0892 38.3536 5.2784 
39.0362 38.3349 12.0043 
>    # 9999 9999 9999  
40.8399 39.1134 2.5922 
40.8742 39.1428 5.2203 
40.8375 39.1112 12.0037 
>    # 9999 9999 9999  
36.8924 37.399 2.7469 
36.9327 37.427 5.2793 
36.8913 37.3979 12.0179 
>    # 9999 9999 9999  
38.7537 38.1883 2.5879 
38.7948 38.2125 5.1935 
38.7616 38.193 10.8862 
>    # 9999 9999 9999  
36.401 36.6201 11.883 
36.3815 36.5618 4.8754 
36.3976 36.6136 2.593 
>    # 9999 9999 9999  
40.6189 38.9093 2.5931 
40.6472 38.9437 5.2213 
40.621 38.9118 11.9487 
>    # 9999 9999 9999  
39.4306 38.4944 11.8218 
39.3897 38.4774 4.7992 
39.4359 38.4965 3.083 
>    # 9999 9999 9999  
36.565 36.9364 12.0054 
36.5561 36.8932 4.8845 
36.5647 36.935 2.5938 
>    # 9999 9999 9999  
40.0435 38.7385 2.8297 
40.0931 38.7503 4.8824 
40.0369 38.7366 11.932 
>    # 9999 9999 9999  
40.3714 38.7345 11.8831 
40.3295 38.7366 4.953 
40.3808 38.7353 2.836 
>    # 9999 9999 9999  
36.8913 37.3979 12.0179 
36.8612 37.3672 5.191 
36.8924 37.399 2.7469 
>    # 9999 9999 9999  
36.7088 37.1732 12.0095 
36.6781 37.1392 4.9666 
36.7087 37.1731 2.5933 
>    # 9999 9999 9999  
36.7087 37.1731 2.5933 
36.7359 37.2108 5.2553 
36.7088 37.1732 12.0095 
>    # 9999 9999 9999  
38.7616 38.193 10.8862 
38.7021 38.152 4.5863 
38.7537 38.1883 2.5879 
>    # 9999 9999 9999  
40.3808 38.7353 2.836 
40.432 38.7404 4.9342 
40.3714 38.7345 11.8831 
>    # 9999 9999 9999  
40.9123 39.1682 2.8355 
40.9525 39.1988 5.0902 
40.907 39.1646 11.8735 
>    # 9999 9999 9999  
40.621 38.9118 11.9487 
40.5928 38.873 4.8326 
40.6189 38.9093 2.5931 
>    # 9999 9999 9999  
37.1837 37.5267 12.0081 
37.1378 37.5126 4.798 
37.1869 37.528 2.5934 
>    # 9999 9999 9999  
36.5647 36.935 2.5938 
36.5747 36.9779 5.2071 
36.565 36.9364 12.0054 
>    # 9999 9999 9999  
37.4712 37.6712 11.9858 
37.4324 37.6449 4.9321 
37.4699 37.6703 2.8348 
>    # 9999 9999 9999  
40.8375 39.1112 12.0037 
40.8043 39.0788 5.2115 
40.8399 39.1134 2.5922 
>    # 9999 9999 9999  
36.4461 36.6844 2.5939 
36.4702 36.7217 5.2761 
36.4413 36.6783 11.8707 
>    # 9999 9999 9999  
39.0362 38.3349 12.0043 
38.9919 38.3171 4.7982 
39.0394 38.3361 2.5938 
>    # 9999 9999 9999  
37.8243 37.8743 2.8355 
37.8735 37.8878 4.8399 
37.8125 37.8709 11.7833 
>    # 9999 9999 9999  
37.5481 37.7257 2.5933 
37.5891 37.7525 5.3062 
37.5395 37.7204 11.8931 
>    # 9999 9999 9999  
39.3435 38.4576 11.9759 
39.3019 38.4397 5.0048 
39.3447 38.4581 3.0863 
>    # 9999 9999 9999  
39.892 38.6704 4.6147 
39.8479 38.6504 10.7154 
39.8371 38.6456 2.5569 
>    # 9999 9999 9999  
37.0258 37.4725 4.5985 
36.9833 37.4534 10.7499 
36.9724 37.4486 2.5923 
>    # 9999 9999 9999  
39.5934 38.5504 5.3147 
39.5309 38.5317 10.9597 
39.5287 38.5311 2.594 
>    # 9999 9999 9999  
38.887 38.2645 4.599 
38.8464 38.2424 10.7523 
38.8361 38.2366 2.5946 
>    # 9999 9999 9999  
37.3309 37.5884 4.5936 
37.2889 37.5689 10.7518 
37.2777 37.5644 2.5944 
>    # 9999 9999 9999  
36.7916 37.285 4.5634 
36.7675 37.2509 10.7492 
36.7617 37.2421 2.5919 
>    # 9999 9999 9999  
39.1889 38.3904 4.5536 
39.1453 38.3723 10.7485 
39.1337 38.3684 2.5926 
>    # 9999 9999 9999  
38.1325 37.969 11.5426 
38.0967 37.9561 5.1019 
38.1417 37.9724 2.8304 
>    # 9999 9999 9999  
38.2871 38.0367 4.5975 
38.2411 38.021 10.7285 
38.231 38.0153 2.5862 
>    # 9999 9999 9999  
40.5274 38.7896 4.6013 
40.4931 38.761 10.7166 
40.4822 38.7564 2.5763 
>    # 9999 9999 9999  
38.5506 38.0989 11.8903 
38.5034 38.0738 4.8888 
38.5484 38.0977 2.5935 
>    # 9999 9999 9999  
39.4359 38.4965 3.083 
39.4794 38.514 4.9652 
39.4306 38.4944 11.8218 
>    # 9999 9999 9999  
39.7509 38.6032 2.5915 
39.7997 38.6204 5.1723 
39.774 38.6104 11.2499 
>    # 9999 9999 9999  
40.2815 38.7429 2.5916 
40.3295 38.7366 4.953 
40.2792 38.7434 11.8823 
>    # 9999 9999 9999  
37.7342 37.8428 11.8172 
37.7784 37.8588 5.1941 
37.8125 37.8709 11.7833 
>    # 9999 9999 9999  
40.621 38.9118 11.9487 
40.6472 38.9437 5.2213 
40.6744 38.9785 11.8194 
>    # 9999 9999 9999  
36.5437 36.8551 11.8255 
36.5561 36.8932 4.8845 
36.565 36.9364 12.0054 
>    # 9999 9999 9999  
36.6492 37.1078 2.5948 
36.6781 37.1392 4.9666 
36.6482 37.1066 11.8651 
>    # 9999 9999 9999  
38.4612 38.0595 12.0143 
38.5506 38.0989 11.8903 
38.5034 38.0738 4.8888 
>    # 9999 9999 9999  
40.2792 38.7434 11.8823 
40.3295 38.7366 4.953 
40.3714 38.7345 11.8831 
>    # 9999 9999 9999  
36.6482 37.1066 11.8651 
36.6781 37.1392 4.9666 
36.7088 37.1732 12.0095 
>    # 9999 9999 9999  
38.403 38.0554 20.0 
38.3742 38.0542 11.9913 
38.4612 38.0595 12.0143 
>    # 9999 9999 9999  
36.544 36.8558 2.5892 
36.5561 36.8932 4.8845 
36.5437 36.8551 11.8255 
>    # 9999 9999 9999  
39.9979 38.7185 20.0 
39.9727 38.7071 11.6522 
40.0369 38.7366 11.932 
>    # 9999 9999 9999  
40.6744 38.9785 11.8194 
40.6472 38.9437 5.2213 
40.6739 38.9779 2.5916 
>    # 9999 9999 9999  
38.1417 37.9724 2.8304 
38.1867 37.991 4.8926 
38.1325 37.969 11.5426 
>    # 9999 9999 9999  
37.7334 37.8425 2.5907 
37.7784 37.8588 5.1941 
37.7342 37.8428 11.8172 
>    # 9999 9999 9999  
36.857 37.3626 20.0 
36.8425 37.3468 11.8912 
36.8913 37.3979 12.0179 
>    # 9999 9999 9999  
40.5904 38.869 20.0 
40.5796 38.8516 11.8574 
40.621 38.9118 11.9487 
>    # 9999 9999 9999  
39.4306 38.4944 11.8218 
39.4794 38.514 4.9652 
39.5309 38.5317 10.9597 
>    # 9999 9999 9999  
37.1312 37.5107 20.0 
37.1134 37.5054 11.7338 
37.1837 37.5267 12.0081 
>    # 9999 9999 9999  
38.9858 38.3142 20.0 
38.969 38.3064 11.7308 
39.0362 38.3349 12.0043 
>    # 9999 9999 9999  
38.0581 37.9451 11.6066 
38.0967 37.9561 5.1019 
38.1325 37.969 11.5426 
>    # 9999 9999 9999  
37.4247 37.6407 20.0 
37.4099 37.6324 11.7229 
37.4712 37.6712 11.9858 
>    # 9999 9999 9999  
39.774 38.6104 11.2499 
39.8479 38.6504 10.7154 
39.7997 38.6204 5.1723 
>    # 9999 9999 9999  
39.2901 38.4347 20.0 
39.2737 38.4277 11.7079 
39.3435 38.4576 11.9759 
>    # 9999 9999 9999  
38.1325 37.969 11.5426 
38.2411 38.021 10.7285 
38.1867 37.991 4.8926 
>    # 9999 9999 9999  
41.0786 39.2813 9.6082 
41.0981 39.292 2.5883 
41.146 39.3073 7.1164 
>    # 9999 9999 9999  
36.3067 36.3967 7.1164 
36.3256 36.4342 2.5945 
36.3342 36.4513 9.611 
>    # 9999 9999 9999  
38.0494 37.9428 2.5938 
38.0967 37.9561 5.1019 
38.0581 37.9451 11.6066 
>    # 9999 9999 9999  
39.9727 38.7071 11.6522 
39.9984 38.7187 4.8046 
40.0369 38.7366 11.932 
>    # 9999 9999 9999  
38.3742 38.0542 11.9913 
38.4069 38.0555 4.9593 
38.4612 38.0595 12.0143 
>    # 9999 9999 9999  
36.8425 37.3468 11.8912 
36.8612 37.3672 5.191 
36.8913 37.3979 12.0179 
>    # 9999 9999 9999  
40.5796 38.8516 11.8574 
40.5928 38.873 4.8326 
40.621 38.9118 11.9487 
>    # 9999 9999 9999  
38.969 38.3064 11.7308 
38.9919 38.3171 4.7982 
39.0362 38.3349 12.0043 
>    # 9999 9999 9999  
37.1134 37.5054 11.7338 
37.1378 37.5126 4.798 
37.1837 37.5267 12.0081 
>    # 9999 9999 9999  
37.4099 37.6324 11.7229 
37.4324 37.6449 4.9321 
37.4712 37.6712 11.9858 
>    # 9999 9999 9999  
39.2737 38.4277 11.7079 
39.3019 38.4397 5.0048 
39.3435 38.4576 11.9759 
>    # 9999 9999 9999  
41.146 39.3073 20.0 
41.0887 39.2869 15.2661 
41.146 39.3073 12.6093 
>    # 9999 9999 9999  
36.3067 36.3967 12.6093 
36.33 36.443 14.9064 
36.3067 36.3967 20.0 
>    # 9999 9999 9999  
37.9443 37.9105 10.1762 
37.8735 37.8878 4.8399 
37.9226 37.9034 2.5944 
>    # 9999 9999 9999  
36.496 36.7659 10.4688 
36.4702 36.7217 5.2761 
36.4905 36.7569 2.5947 
>    # 9999 9999 9999  
37.6346 37.7874 10.4658 
37.5891 37.7525 5.3062 
37.6245 37.7792 2.5914 
>    # 9999 9999 9999  
41.0226 39.2476 9.6503 
40.9525 39.1988 5.0902 
40.9888 39.2258 2.5927 
>    # 9999 9999 9999  
36.5889 37.0226 10.4701 
36.5747 36.9779 5.2071 
36.5854 37.0141 2.5932 
>    # 9999 9999 9999  
36.3666 36.5249 2.6041 
36.3815 36.5618 4.8754 
36.3561 36.5004 9.7287 
>    # 9999 9999 9999  
40.157 38.7596 10.4731 
40.0931 38.7503 4.8824 
40.1459 38.7592 2.5927 
>    # 9999 9999 9999  
40.7725 39.0519 2.5835 
40.8043 39.0788 5.2115 
40.7623 39.0457 10.462 
>    # 9999 9999 9999  
38.6587 38.1378 2.5959 
38.7021 38.152 4.5863 
38.6398 38.1338 9.467 
>    # 9999 9999 9999  
37.2889 37.5689 10.7518 
37.2349 37.5474 5.279 
37.2777 37.5644 2.5944 
>    # 9999 9999 9999  
38.8464 38.2424 10.7523 
38.7948 38.2125 5.1935 
38.8361 38.2366 2.5946 
>    # 9999 9999 9999  
39.5309 38.5317 10.9597 
39.4794 38.514 4.9652 
39.5287 38.5311 2.594 
>    # 9999 9999 9999  
36.9833 37.4534 10.7499 
36.9327 37.427 5.2793 
36.9724 37.4486 2.5923 
>    # 9999 9999 9999  
36.7675 37.2509 10.7492 
36.7359 37.2108 5.2553 
36.7617 37.2421 2.5919 
>    # 9999 9999 9999  
39.1453 38.3723 10.7485 
39.0892 38.3536 5.2784 
39.1337 38.3684 2.5926 
>    # 9999 9999 9999  
39.8479 38.6504 10.7154 
39.7997 38.6204 5.1723 
39.8371 38.6456 2.5569 
>    # 9999 9999 9999  
38.2411 38.021 10.7285 
38.1867 37.991 4.8926 
38.231 38.0153 2.5862 
>    # 9999 9999 9999  
40.4931 38.761 10.7166 
40.432 38.7404 4.9342 
40.4822 38.7564 2.5763 
>    # 9999 9999 9999  
36.3666 36.5249 2.6041 
36.3561 36.5004 9.7287 
36.3472 36.4795 2.7554 
>    # 9999 9999 9999  
37.9856 37.9239 2.5945 
37.9443 37.9105 10.1762 
37.9226 37.9034 2.5944 
>    # 9999 9999 9999  
40.7725 39.0519 2.5835 
40.7623 39.0457 10.462 
40.7176 39.0191 2.5912 
>    # 9999 9999 9999  
36.5191 36.8057 2.5948 
36.496 36.7659 10.4688 
36.4905 36.7569 2.5947 
>    # 9999 9999 9999  
41.043 39.2616 2.6598 
41.0226 39.2476 9.6503 
40.9888 39.2258 2.5927 
>    # 9999 9999 9999  
40.2168 38.7554 2.7072 
40.157 38.7596 10.4731 
40.1459 38.7592 2.5927 
>    # 9999 9999 9999  
37.6758 37.8152 2.7961 
37.6346 37.7874 10.4658 
37.6245 37.7792 2.5914 
>    # 9999 9999 9999  
38.6587 38.1378 2.5959 
38.6398 38.1338 9.467 
38.6032 38.1222 2.7393 
>    # 9999 9999 9999  
36.6105 37.0658 2.7088 
36.5889 37.0226 10.4701 
36.5854 37.0141 2.5932 
>    # 9999 9999 9999  
39.5934 38.5504 5.3147 
39.6137 38.5564 12.8705 
39.5309 38.5317 10.9597 
>    # 9999 9999 9999  
40.7725 39.0519 2.5835 
40.7176 39.0191 2.5912 
40.7587 39.0437 0.0 
>    # 9999 9999 9999  
36.544 36.8558 2.5892 
36.5191 36.8057 2.5948 
36.538 36.8432 0.0 
>    # 9999 9999 9999  
41.0981 39.292 2.5883 
41.043 39.2616 2.6598 
41.0839 39.2842 0.0 
>    # 9999 9999 9999  
40.2815 38.7429 2.5916 
40.2168 38.7554 2.7072 
40.2647 38.746 0.0 
>    # 9999 9999 9999  
36.3666 36.5249 2.6041 
36.3472 36.4795 2.7554 
36.3548 36.4974 0.0 
>    # 9999 9999 9999  
37.9383 37.9086 0.0 
37.9856 37.9239 2.5945 
37.9226 37.9034 2.5944 
>    # 9999 9999 9999  
36.6492 37.1078 2.5948 
36.6105 37.0658 2.7088 
36.6394 37.0968 0.0 
>    # 9999 9999 9999  
36.3439 36.4719 0.0 
36.3472 36.4795 2.7554 
36.3256 36.4342 2.5945 
>    # 9999 9999 9999  
38.0494 37.9428 2.5938 
37.9856 37.9239 2.5945 
38.0333 37.9385 0.0 
>    # 9999 9999 9999  
36.4979 36.769 0.0 
36.5191 36.8057 2.5948 
36.4905 36.7569 2.5947 
>    # 9999 9999 9999  
41.0285 39.2519 0.0 
41.043 39.2616 2.6598 
40.9888 39.2258 2.5927 
>    # 9999 9999 9999  
38.5926 38.1181 0.0 
38.6032 38.1222 2.7393 
38.5484 38.0977 2.5935 
>    # 9999 9999 9999  
40.1974 38.7574 0.0 
40.2168 38.7554 2.7072 
40.1459 38.7592 2.5927 
>    # 9999 9999 9999  
37.6614 37.807 0.0 
37.6758 37.8152 2.7961 
37.6245 37.7792 2.5914 
>    # 9999 9999 9999  
38.6587 38.1378 2.5959 
38.6032 38.1222 2.7393 
38.6233 38.1298 0.0 
>    # 9999 9999 9999  
37.7334 37.8425 2.5907 
37.6758 37.8152 2.7961 
37.689 37.8228 0.0 
>    # 9999 9999 9999  
36.6009 37.0527 0.0 
36.6105 37.0658 2.7088 
36.5854 37.0141 2.5932 
>    # 9999 9999 9999  
39.656 38.5716 2.594 
39.6828 38.5812 10.158 
39.5934 38.5504 5.3147 
>    # 9999 9999 9999  
41.146 39.3073 12.6093 
41.0786 39.2813 9.6082 
41.146 39.3073 7.1164 
>    # 9999 9999 9999  
36.3067 36.3967 7.1164 
36.3342 36.4513 9.611 
36.3067 36.3967 12.6093 
>    # 9999 9999 9999  
40.683 38.9893 0.0 
40.7176 39.0191 2.5912 
40.6739 38.9779 2.5916 
>    # 9999 9999 9999  
39.954 38.6986 2.8502 
39.892 38.6704 4.6147 
39.9116 38.6793 0.0 
>    # 9999 9999 9999  
39.2544 38.4195 2.5948 
39.1889 38.3904 4.5536 
39.2094 38.3998 0.0 
>    # 9999 9999 9999  
37.3897 37.6209 2.8527 
37.3309 37.5884 4.5936 
37.3512 37.598 0.0 
>    # 9999 9999 9999  
37.0901 37.497 2.8515 
37.0258 37.4725 4.5985 
37.0459 37.482 0.0 
>    # 9999 9999 9999  
36.8312 37.3346 2.5933 
36.7916 37.285 4.5634 
36.8039 37.3005 0.0 
>    # 9999 9999 9999  
40.5678 38.8366 2.8506 
40.5274 38.7896 4.6013 
40.5412 38.8044 0.0 
>    # 9999 9999 9999  
38.947 38.2961 2.8522 
38.887 38.2645 4.599 
38.9064 38.2751 0.0 
>    # 9999 9999 9999  
39.656 38.5716 2.594 
39.5934 38.5504 5.3147 
39.609 38.555 0.0 
>    # 9999 9999 9999  
39.6828 38.5812 10.158 
39.6137 38.5564 12.8705 
39.5934 38.5504 5.3147 
>    # 9999 9999 9999  
38.3545 38.0533 2.8466 
38.2871 38.0367 4.5975 
38.3083 38.0434 0.0 
>    # 9999 9999 9999  
38.7537 38.1883 2.5879 
38.7021 38.152 4.5863 
38.7161 38.1611 0.0 
>    # 9999 9999 9999  
40.4822 38.7564 2.5763 
40.432 38.7404 4.9342 
40.4351 38.7407 0.0 
>    # 9999 9999 9999  
39.8371 38.6456 2.5569 
39.7997 38.6204 5.1723 
39.798 38.6195 0.0 
>    # 9999 9999 9999  
38.4759 38.0623 0.0 
38.4564 38.059 2.827 
38.5034 38.0738 4.8888 
>    # 9999 9999 9999  
38.6887 38.1453 0.0 
38.6587 38.1378 2.5959 
38.7021 38.152 4.5863 
>    # 9999 9999 9999  
38.5484 38.0977 2.5935 
38.5034 38.0738 4.8888 
38.5059 38.0751 0.0 
>    # 9999 9999 9999  
39.798 38.6195 0.0 
39.7997 38.6204 5.1723 
39.7509 38.6032 2.5915 
>    # 9999 9999 9999  
36.5483 36.8689 0.0 
36.5561 36.8932 4.8845 
36.544 36.8558 2.5892 
>    # 9999 9999 9999  
36.5647 36.935 2.5938 
36.5561 36.8932 4.8845 
36.5567 36.895 0.0 
>    # 9999 9999 9999  
40.9123 39.1682 2.8355 
40.8742 39.1428 5.2203 
40.8749 39.1432 0.0 
>    # 9999 9999 9999  
40.8399 39.1134 2.5922 
40.8043 39.0788 5.2115 
40.8074 39.0818 0.0 
>    # 9999 9999 9999  
40.4009 38.7374 0.0 
40.432 38.7404 4.9342 
40.3808 38.7353 2.836 
>    # 9999 9999 9999  
36.9724 37.4486 2.5923 
36.9327 37.427 5.2793 
36.9306 37.4256 0.0 
>    # 9999 9999 9999  
38.8361 38.2366 2.5946 
38.7948 38.2125 5.1935 
38.7948 38.2125 0.0 
>    # 9999 9999 9999  
38.7948 38.2125 0.0 
38.7948 38.2125 5.1935 
38.7537 38.1883 2.5879 
>    # 9999 9999 9999  
40.8074 39.0818 0.0 
40.8043 39.0788 5.2115 
40.7725 39.0519 2.5835 
>    # 9999 9999 9999  
36.4461 36.6844 2.5939 
36.4199 36.6498 5.1927 
36.4199 36.6498 0.0 
>    # 9999 9999 9999  
40.6469 38.9433 0.0 
40.6472 38.9437 5.2213 
40.6189 38.9093 2.5931 
>    # 9999 9999 9999  
40.6739 38.9779 2.5916 
40.6472 38.9437 5.2213 
40.6469 38.9433 0.0 
>    # 9999 9999 9999  
37.6245 37.7792 2.5914 
37.5891 37.7525 5.3062 
37.5875 37.7514 0.0 
>    # 9999 9999 9999  
39.1337 38.3684 2.5926 
39.0892 38.3536 5.2784 
39.0864 38.3526 0.0 
>    # 9999 9999 9999  
37.5875 37.7514 0.0 
37.5891 37.7525 5.3062 
37.5481 37.7257 2.5933 
>    # 9999 9999 9999  
36.8612 37.3672 0.0 
36.8612 37.3672 5.191 
36.8312 37.3346 2.5933 
>    # 9999 9999 9999  
36.4905 36.7569 2.5947 
36.4702 36.7217 5.2761 
36.4693 36.7202 0.0 
>    # 9999 9999 9999  
39.0864 38.3526 0.0 
39.0892 38.3536 5.2784 
39.0394 38.3361 2.5938 
>    # 9999 9999 9999  
37.8243 37.8743 2.8355 
37.7784 37.8588 5.1941 
37.7799 37.8593 0.0 
>    # 9999 9999 9999  
37.7799 37.8593 0.0 
37.7784 37.8588 5.1941 
37.7334 37.8425 2.5907 
>    # 9999 9999 9999  
37.5481 37.7257 2.5933 
37.5059 37.6987 4.9458 
37.5081 37.7006 0.0 
>    # 9999 9999 9999  
39.4359 38.4965 3.083 
39.3897 38.4774 4.7992 
39.4204 38.4903 0.0 
>    # 9999 9999 9999  
37.4699 37.6703 2.8348 
37.4324 37.6449 4.9321 
37.4335 37.6456 0.0 
>    # 9999 9999 9999  
36.8924 37.399 2.7469 
36.8612 37.3672 5.191 
36.8612 37.3672 0.0 
>    # 9999 9999 9999  
36.5854 37.0141 2.5932 
36.5747 36.9779 5.2071 
36.5738 36.9748 0.0 
>    # 9999 9999 9999  
38.1417 37.9724 2.8304 
38.0967 37.9561 5.1019 
38.0976 37.9564 0.0 
>    # 9999 9999 9999  
37.2777 37.5644 2.5944 
37.2349 37.5474 5.279 
37.2322 37.5464 0.0 
>    # 9999 9999 9999  
36.7338 37.2083 0.0 
36.7359 37.2108 5.2553 
36.7087 37.1731 2.5933 
>    # 9999 9999 9999  
38.3743 38.0542 0.0 
38.4069 38.0555 4.9593 
38.3545 38.0533 2.8466 
>    # 9999 9999 9999  
39.2997 38.4388 0.0 
39.3019 38.4397 5.0048 
39.2544 38.4195 2.5948 
>    # 9999 9999 9999  
37.2322 37.5464 0.0 
37.2349 37.5474 5.279 
37.1869 37.528 2.5934 
>    # 9999 9999 9999  
39.3599 38.4646 0.0 
39.3897 38.4774 4.7992 
39.3447 38.4581 3.0863 
>    # 9999 9999 9999  
37.9226 37.9034 2.5944 
37.8735 37.8878 4.8399 
37.8752 37.8882 0.0 
>    # 9999 9999 9999  
39.3447 38.4581 3.0863 
39.3019 38.4397 5.0048 
39.3298 38.4517 0.0 
>    # 9999 9999 9999  
37.843 37.8794 0.0 
37.8735 37.8878 4.8399 
37.8243 37.8743 2.8355 
>    # 9999 9999 9999  
39.0394 38.3361 2.5938 
38.9919 38.3171 4.7982 
38.9936 38.3179 0.0 
>    # 9999 9999 9999  
37.4846 37.6811 0.0 
37.5059 37.6987 4.9458 
37.4699 37.6703 2.8348 
>    # 9999 9999 9999  
36.7617 37.2421 2.5919 
36.7359 37.2108 5.2553 
36.7338 37.2083 0.0 
>    # 9999 9999 9999  
37.4057 37.6301 0.0 
37.4324 37.6449 4.9321 
37.3897 37.6209 2.8527 
>    # 9999 9999 9999  
38.0976 37.9564 0.0 
38.0967 37.9561 5.1019 
38.0494 37.9428 2.5938 
>    # 9999 9999 9999  
36.5738 36.9748 0.0 
36.5747 36.9779 5.2071 
36.5647 36.935 2.5938 
>    # 9999 9999 9999  
40.8749 39.1432 0.0 
40.8742 39.1428 5.2203 
40.8399 39.1134 2.5922 
>    # 9999 9999 9999  
38.9641 38.3041 0.0 
38.9919 38.3171 4.7982 
38.947 38.2961 2.8522 
>    # 9999 9999 9999  
36.4199 36.6498 0.0 
36.4199 36.6498 5.1927 
36.3976 36.6136 2.593 
>    # 9999 9999 9999  
37.1869 37.528 2.5934 
37.1378 37.5126 4.798 
37.1396 37.5131 0.0 
>    # 9999 9999 9999  
40.6189 38.9093 2.5931 
40.5928 38.873 4.8326 
40.5934 38.8741 0.0 
>    # 9999 9999 9999  
39.5287 38.5311 2.594 
39.4794 38.514 4.9652 
39.4815 38.5148 0.0 
>    # 9999 9999 9999  
36.7087 37.1731 2.5933 
36.6781 37.1392 4.9666 
36.6792 37.1403 0.0 
>    # 9999 9999 9999  
38.4564 38.059 2.827 
38.4069 38.0555 4.9593 
38.4084 38.0556 0.0 
>    # 9999 9999 9999  
36.6591 37.1187 0.0 
36.6781 37.1392 4.9666 
36.6492 37.1078 2.5948 
>    # 9999 9999 9999  
37.108 37.5034 0.0 
37.1378 37.5126 4.798 
37.0901 37.497 2.8515 
>    # 9999 9999 9999  
39.4509 38.5025 0.0 
39.4794 38.514 4.9652 
39.4359 38.4965 3.083 
>    # 9999 9999 9999  
38.231 38.0153 2.5862 
38.1867 37.991 4.8926 
38.1893 37.9921 0.0 
>    # 9999 9999 9999  
40.5784 38.8498 0.0 
40.5928 38.873 4.8326 
40.5678 38.8366 2.8506 
>    # 9999 9999 9999  
36.3976 36.6136 2.593 
36.3815 36.5618 4.8754 
36.3848 36.5746 0.0 
>    # 9999 9999 9999  
36.4693 36.7202 0.0 
36.4702 36.7217 5.2761 
36.4461 36.6844 2.5939 
>    # 9999 9999 9999  
40.9888 39.2258 2.5927 
40.9525 39.1988 5.0902 
40.9513 39.1979 0.0 
>    # 9999 9999 9999  
40.3808 38.7353 2.836 
40.3295 38.7366 4.953 
40.3323 38.7364 0.0 
>    # 9999 9999 9999  
40.0435 38.7385 2.8297 
39.9984 38.7187 4.8046 
40.001 38.7199 0.0 
>    # 9999 9999 9999  
39.9712 38.7064 0.0 
39.9984 38.7187 4.8046 
39.954 38.6986 2.8502 
>    # 9999 9999 9999  
40.9275 39.1783 0.0 
40.9525 39.1988 5.0902 
40.9123 39.1682 2.8355 
>    # 9999 9999 9999  
38.1594 37.9791 0.0 
38.1867 37.991 4.8926 
38.1417 37.9724 2.8304 
>    # 9999 9999 9999  
36.3767 36.5484 0.0 
36.3815 36.5618 4.8754 
36.3666 36.5249 2.6041 
>    # 9999 9999 9999  
36.9306 37.4256 0.0 
36.9327 37.427 5.2793 
36.8924 37.399 2.7469 
>    # 9999 9999 9999  
40.2982 38.7399 0.0 
40.3295 38.7366 4.953 
40.2815 38.7429 2.5916 
>    # 9999 9999 9999  
40.1459 38.7592 2.5927 
40.0931 38.7503 4.8824 
40.0957 38.751 0.0 
>    # 9999 9999 9999  
40.0628 38.7429 0.0 
40.0931 38.7503 4.8824 
40.0435 38.7385 2.8297 
>    # 9999 9999 9999  
41.146 39.3073 12.6093 
41.0887 39.2869 15.2661 
41.0786 39.2813 9.6082 
>    # 9999 9999 9999  
36.3342 36.4513 9.611 
36.33 36.443 14.9064 
36.3067 36.3967 12.6093 
>    # 9999 9999 9999  
36.3067 36.3967 3.034 
36.3158 36.4148 1.6207 
36.3256 36.4342 2.5945 
>    # 9999 9999 9999  
41.0981 39.292 2.5883 
41.122 39.3018 1.6191 
41.146 39.3073 3.034 
>    # 9999 9999 9999  
37.689 37.8228 0.0 
37.6758 37.8152 2.7961 
37.6614 37.807 0.0 
>    # 9999 9999 9999  
38.7674 38.1964 0.0 
38.7537 38.1883 2.5879 
38.7399 38.1803 0.0 
>    # 9999 9999 9999  
37.7489 37.8482 0.0 
37.7334 37.8425 2.5907 
37.7179 37.8369 0.0 
>    # 9999 9999 9999  
40.2982 38.7399 0.0 
40.2815 38.7429 2.5916 
40.2647 38.746 0.0 
>    # 9999 9999 9999  
39.1495 38.3736 0.0 
39.1337 38.3684 2.5926 
39.1179 38.3631 0.0 
>    # 9999 9999 9999  
39.7669 38.6082 0.0 
39.7509 38.6032 2.5915 
39.735 38.5981 0.0 
>    # 9999 9999 9999  
36.3767 36.5484 0.0 
36.3666 36.5249 2.6041 
36.3658 36.5229 0.0 
>    # 9999 9999 9999  
40.6282 38.9206 0.0 
40.6189 38.9093 2.5931 
40.6095 38.898 0.0 
>    # 9999 9999 9999  
38.0656 37.9471 0.0 
38.0494 37.9428 2.5938 
38.0333 37.9385 0.0 
>    # 9999 9999 9999  
36.5672 36.9483 0.0 
36.5647 36.935 2.5938 
36.5622 36.9216 0.0 
>    # 9999 9999 9999  
39.0549 38.3419 0.0 
39.0394 38.3361 2.5938 
39.024 38.3303 0.0 
>    # 9999 9999 9999  
38.5625 38.1053 0.0 
38.5484 38.0977 2.5935 
38.5342 38.0902 0.0 
>    # 9999 9999 9999  
39.5447 38.5359 0.0 
39.5287 38.5311 2.594 
39.5126 38.5263 0.0 
>    # 9999 9999 9999  
37.9383 37.9086 0.0 
37.9226 37.9034 2.5944 
37.9069 37.8982 0.0 
>    # 9999 9999 9999  
38.0014 37.929 0.0 
37.9856 37.9239 2.5945 
37.9698 37.9188 0.0 
>    # 9999 9999 9999  
36.3319 36.4467 0.0 
36.3256 36.4342 2.5945 
36.3193 36.4217 0.0 
>    # 9999 9999 9999  
36.3548 36.4974 0.0 
36.3472 36.4795 2.7554 
36.3439 36.4719 0.0 
>    # 9999 9999 9999  
39.6715 38.5774 0.0 
39.656 38.5716 2.594 
39.6405 38.5658 0.0 
>    # 9999 9999 9999  
37.108 37.5034 0.0 
37.0901 37.497 2.8515 
37.0771 37.4923 0.0 
>    # 9999 9999 9999  
36.6591 37.1187 0.0 
36.6492 37.1078 2.5948 
36.6394 37.0968 0.0 
>    # 9999 9999 9999  
39.2695 38.4259 0.0 
39.2544 38.4195 2.5948 
39.2393 38.4131 0.0 
>    # 9999 9999 9999  
39.4509 38.5025 0.0 
39.4359 38.4965 3.083 
39.4204 38.4903 0.0 
>    # 9999 9999 9999  
39.3599 38.4646 0.0 
39.3447 38.4581 3.0863 
39.3298 38.4517 0.0 
>    # 9999 9999 9999  
39.9712 38.7064 0.0 
39.954 38.6986 2.8502 
39.9414 38.6929 0.0 
>    # 9999 9999 9999  
40.7309 39.0277 0.0 
40.7176 39.0191 2.5912 
40.7042 39.0106 0.0 
>    # 9999 9999 9999  
38.3743 38.0542 0.0 
38.3545 38.0533 2.8466 
38.3402 38.0527 0.0 
>    # 9999 9999 9999  
37.6364 37.7889 0.0 
37.6245 37.7792 2.5914 
37.6126 37.7695 0.0 
>    # 9999 9999 9999  
40.9275 39.1783 0.0 
40.9123 39.1682 2.8355 
40.9012 39.1607 0.0 
>    # 9999 9999 9999  
40.851 39.1237 0.0 
40.8399 39.1134 2.5922 
40.8289 39.1029 0.0 
>    # 9999 9999 9999  
40.683 38.9893 0.0 
40.6739 38.9779 2.5916 
40.6649 38.9664 0.0 
>    # 9999 9999 9999  
36.5254 36.8182 0.0 
36.5191 36.8057 2.5948 
36.5126 36.7933 0.0 
>    # 9999 9999 9999  
38.9641 38.3041 0.0 
38.947 38.2961 2.8522 
38.9346 38.2903 0.0 
>    # 9999 9999 9999  
36.4979 36.769 0.0 
36.4905 36.7569 2.5947 
36.4833 36.7447 0.0 
>    # 9999 9999 9999  
38.6233 38.1298 0.0 
38.6032 38.1222 2.7393 
38.5926 38.1181 0.0 
>    # 9999 9999 9999  
37.4057 37.6301 0.0 
37.3897 37.6209 2.8527 
37.3784 37.6141 0.0 
>    # 9999 9999 9999  
40.5784 38.8498 0.0 
40.5678 38.8366 2.8506 
40.5601 38.827 0.0 
>    # 9999 9999 9999  
36.4549 36.6958 0.0 
36.4461 36.6844 2.5939 
36.4371 36.6729 0.0 
>    # 9999 9999 9999  
38.85 38.2444 0.0 
38.8361 38.2366 2.5946 
38.8223 38.2286 0.0 
>    # 9999 9999 9999  
41.0025 39.2341 0.0 
40.9888 39.2258 2.5927 
40.9752 39.2174 0.0 
>    # 9999 9999 9999  
37.5613 37.7342 0.0 
37.5481 37.7257 2.5933 
37.5346 37.7175 0.0 
>    # 9999 9999 9999  
37.843 37.8794 0.0 
37.8243 37.8743 2.8355 
37.8109 37.8704 0.0 
>    # 9999 9999 9999  
38.1594 37.9791 0.0 
38.1417 37.9724 2.8304 
38.1286 37.9676 0.0 
>    # 9999 9999 9999  
37.2927 37.5706 0.0 
37.2777 37.5644 2.5944 
37.2625 37.5584 0.0 
>    # 9999 9999 9999  
37.4846 37.6811 0.0 
37.4699 37.6703 2.8348 
37.4595 37.6629 0.0 
>    # 9999 9999 9999  
40.4009 38.7374 0.0 
40.3808 38.7353 2.836 
40.3667 38.7343 0.0 
>    # 9999 9999 9999  
40.1631 38.7598 0.0 
40.1459 38.7592 2.5927 
40.1287 38.7586 0.0 
>    # 9999 9999 9999  
36.5906 37.027 0.0 
36.5854 37.0141 2.5932 
36.5811 37.0011 0.0 
>    # 9999 9999 9999  
36.8412 37.3454 0.0 
36.8312 37.3346 2.5933 
36.8219 37.3233 0.0 
>    # 9999 9999 9999  
36.717 37.1849 0.0 
36.7087 37.1731 2.5933 
36.6998 37.1617 0.0 
>    # 9999 9999 9999  
37.2019 37.5341 0.0 
37.1869 37.528 2.5934 
37.1715 37.5222 0.0 
>    # 9999 9999 9999  
36.4042 36.626 0.0 
36.3976 36.6136 2.593 
36.3917 36.601 0.0 
>    # 9999 9999 9999  
36.9872 37.4551 0.0 
36.9724 37.4486 2.5923 
36.9582 37.4412 0.0 
>    # 9999 9999 9999  
36.7696 37.254 0.0 
36.7617 37.2421 2.5919 
36.7528 37.2306 0.0 
>    # 9999 9999 9999  
36.9039 37.409 0.0 
36.8924 37.399 2.7469 
36.882 37.3885 0.0 
>    # 9999 9999 9999  
40.497 38.7633 0.0 
40.4822 38.7564 2.5763 
40.4668 38.7503 0.0 
>    # 9999 9999 9999  
41.1132 39.2986 0.0 
41.0981 39.292 2.5883 
41.0839 39.2842 0.0 
>    # 9999 9999 9999  
36.5483 36.8689 0.0 
36.544 36.8558 2.5892 
36.538 36.8432 0.0 
>    # 9999 9999 9999  
41.0556 39.2686 0.0 
41.043 39.2616 2.6598 
41.0285 39.2519 0.0 
>    # 9999 9999 9999  
40.2313 38.7526 0.0 
40.2168 38.7554 2.7072 
40.1974 38.7574 0.0 
>    # 9999 9999 9999  
40.0628 38.7429 0.0 
40.0435 38.7385 2.8297 
40.0303 38.7341 0.0 
>    # 9999 9999 9999  
38.2453 38.0227 0.0 
38.231 38.0153 2.5862 
38.2177 38.0069 0.0 
>    # 9999 9999 9999  
38.6887 38.1453 0.0 
38.6587 38.1378 2.5959 
38.6562 38.1373 0.0 
>    # 9999 9999 9999  
40.7845 39.0616 0.0 
40.7725 39.0519 2.5835 
40.7587 39.0437 0.0 
>    # 9999 9999 9999  
36.6193 37.0751 0.0 
36.6105 37.0658 2.7088 
36.6009 37.0527 0.0 
>    # 9999 9999 9999  
38.4759 38.0623 0.0 
38.4564 38.059 2.827 
38.4425 38.0573 0.0 
>    # 9999 9999 9999  
39.852 38.6523 0.0 
39.8252 38.6359 0.0 
39.8371 38.6456 2.5569 
>    # 9999 9999 9999  
41.146 39.3073 3.034 
41.122 39.3018 1.6191 
41.146 39.3073 0.0 
>    # 9999 9999 9999  
36.3067 36.3967 0.0 
36.3158 36.4148 1.6207 
36.3067 36.3967 3.034 
>    # 9999 9999 9999  
36.3193 36.4217 0.0 
36.3158 36.4148 1.6207 
36.3067 36.3967 0.0 
>    # 9999 9999 9999  
41.146 39.3073 0.0 
41.1132 39.2986 0.0 
41.122 39.3018 1.6191 
>    # 9999 9999 9999  
36.3256 36.4342 2.5945 
36.3158 36.4148 1.6207 
36.3193 36.4217 0.0 
>    # 9999 9999 9999  
41.1132 39.2986 0.0 
41.122 39.3018 1.6191 
41.0981 39.292 2.5883 
>    # 9999 9999 9999  
39.7509 38.6032 2.5915 
39.656 38.5716 2.594 
39.7032 38.5878 0.0 
