41.1459887078417 39.307246707963536
41.14258667569415 39.3121822027557
41.13493210336215 39.31580134436398
41.111543132347705 39.323368035504046
41.09836025777593 39.32534182032251
41.073270270687715 39.330933908146505
41.051582315747055 39.336525548790284
41.03117012286173 39.34244562204152
41.017987248289955 39.3477074884672
40.99800030942307 39.35428426439118
40.985630318716936 39.358530434871525
40.973834890882095 39.36214694833298
40.95817544358414 39.365763274549714
40.93397447957819 39.37142323532026
40.91933187950738 39.37566790483694
40.89818145718286 39.381641446973546
40.87438723206778 39.38792883381225
40.86604908480523 39.38965776589045
40.85323680974325 39.38965776589045
40.835340298545596 39.38981493940977
40.82212128459277 39.39091514413219
40.80463151228596 39.390286457843544
40.783481089961434 39.38934341778973
40.75879834970703 39.388459439231625
40.74608610290041 39.385240894428186
40.72789443936683 39.384902091603344
40.713867132545744 39.38557969560829
40.69194946563779 39.38608789429451
40.659749453933244 39.387626830938544
40.630378453311586 39.39346172083097
40.60429574261254 39.402165283135616
40.572877931997795 39.41361568429285
40.54620243241923 39.427353683727866
40.48336681118973 39.45253298301085
40.424087923237366 39.4731274572109
40.36006672424882 39.48776870881491
40.30871192413316 39.49462033247696
40.255822269643275 39.507260723458025
40.22212266678247 39.51664923995735
40.19169941419979 39.52459237833405
40.174381562729664 39.53181262490768
40.15004296066353 39.53794924416971
40.10089770649151 39.546250865578386
40.06251760323337 39.550942647109615
40.00775574858455 39.56429444264693
39.96750344516747 39.572953692505116
39.90618888996239 39.588826175048446
39.88091418781679 39.596039738103094
39.835045283922916 39.612267508577546
39.785900029750906 39.62921245295666
39.74939212665169 39.65011751604375
39.70120015314219 39.67214813350016
39.67196597982613 39.685732810946945
39.64824768826783 39.7001636028402
39.60412063420586 39.72647080940851
39.57047375548362 39.74555846565339
39.53682687676137 39.76336884203256
39.50207682168756 39.77820730425898
39.4689815311411 39.79219492471663
39.43037035883689 39.80575596210889
39.39065601018111 39.823550765293
39.34818372064647 39.84261151313349
39.314536841924216 39.86293714712027
39.285854256783935 39.87267438034251
39.260481200698315 39.88029385966426
39.24172720272197 39.893414311835514
39.23179861555804 39.9052628844902
39.19925491318734 39.912032577598296
39.15457627094959 39.92133981325119
39.139683390203686 39.925992956738256
39.088937278032425 39.93318355646482
39.04370704761891 39.939527576005354
38.99461569997497 39.94756248984188
38.95379817496765 39.95475082342468
38.91132588543301 39.96362948662166
38.86388930231641 39.973775118628595
38.82141701278176 39.983496602930835
38.78501219318064 39.994907015378296
38.74419466817333 40.0029354222802
38.70613508404489 40.009695453848174
38.67910726343192 40.01560993234273
38.63773815024883 40.02152389829878
38.59140474348376 40.03799581499724
38.55113880665222 40.05024158459811
38.53073004414857 40.05657474023744
38.489360930965475 40.06966139691041
38.45295611136435 40.08232350986319
38.40055523466575 40.09624911471478
38.33988053533056 40.11312481596213
38.27920583599536 40.136322069376185
38.187090610641 40.165412882951564
38.130828616711995 40.180164329277034
38.078979328189185 40.19954706783468
38.02988798054525 40.21766070542876
37.992931572768356 40.22692627596061
37.94328863694865 40.233664076748354
37.903022700117106 40.24882167764425
37.8423480007819 40.26355498040457
37.75464548083373 40.287963104605346
37.69286760514699 40.302267218926985
37.61288731965968 40.32077393066611
37.53180385782081 40.33885513510126
37.437482279763366 40.3615549020559
37.401629048338016 40.37206146588659
37.35364087704563 40.38550747767288
37.310065411159435 40.39559022540762
37.262628828042835 40.4065114985597
37.22346606756283 40.416171147868305
37.18871601248904 40.42456971582191
37.1418310175482 40.43254738419185
37.108184138825955 40.44430222320924
37.02322711523204 40.467997744004165
36.964508026034835 40.48407689820592
36.93179009662822 40.49295249973223
36.91198167365135 40.51246442192871
36.8971253564187 40.53881361975574
36.85205498357353 40.58963999253873
36.833963620064914 40.61547061455018
36.79207250471636 40.64726240632863
36.67612758103489 40.68160166561319
36.471681342984326 40.74861249098193
36.249276989429305 40.82810022612442
36.072458621385564 40.89287499975951
35.91359836884627 40.94715337819427
35.80170549531859 40.97740465000716
35.67323589978682 41.01493866092723
35.557198845758116 41.04411700412667
35.43381191192135 41.072592509573845
35.37198987321022 41.08430670054234
35.30949218380278 41.093472871970064
35.210847182143475 41.10034666136277
35.117488344287025 41.10425245871858
35.07977094706193 41.10518334121992
35.04193907013067 41.10139395737066
34.995314610024856 41.10212863748983
34.95173514011373 41.10161950638717
34.92572258830631 41.10645609250417
34.89689275259478 41.108680171500566
34.75184643505891 41.11076179847453
34.59298618251962 41.11596557716887
34.47142355448954 41.114924854429255
34.39044491468073 41.10944702497145
34.33466559795571 41.11076179847453
34.28633956264161 41.11036264540354
34.23813513893479 41.114024999442094
34.19100067392018 41.109720993237204
34.102433610012206 41.10334256244462
34.01832648637747 41.09306586559099
33.94283240883162 41.08349914009868
33.867754594840214 41.06911672033964
33.730570912845266 41.03157262375982
33.61431318508175 41.00712243313006
33.58757795848804 40.99825699772307
33.540588772353665 40.990307662452025
33.47543884074318 40.978447549992325
33.32072276870491 40.96384544975861
33.20882989517723 40.95341339963689
33.13285325265844 40.944023144907575
33.04963279308749 40.92667847633911
32.975503301168594 40.91872051564876
32.90623475953945 40.912904476878275
32.83534590114707 40.900964688970724
32.78187544795966 40.895453290538384
32.72718975719982 40.88626660605231
32.65994661152475 40.87401570932048
32.59756441613944 40.86666408292251
32.54125840861635 40.85624788163549
32.43391242305072 40.83510408500183
32.37274546523786 40.82805465373606
32.31368690695581 40.81764674995948
32.15897083491755 40.79464330316049
31.992781184254646 40.76856441414492
31.910145029328653 40.75107519049335
31.826055001335188 40.73500637597327
31.647855239791113 40.6983606949743
31.518004250758988 40.678458878379324
31.429595066737125 40.65331124654475
31.30502425416629 40.62340993429917
31.22514882868655 40.60403633639033
31.14056134436584 40.59205360918505
31.06184996203981 40.581082193214876
30.975116605124708 40.571515966702925
30.883944634102154 40.57046665923989
30.788628482578577 40.571515966702925
30.693312331054997 40.589351676030496
30.61733568853621 40.6134747719163
30.517875356511603 40.62815413300803
30.41150805698529 40.64073387490955
30.34105698846787 40.645974734486565
30.29408960945625 40.666934057518404
30.245740836944282 40.695218698029755
30.167001407424817 40.715115509237364
30.086880584404998 40.72035052421129
29.897629674858184 40.72349133559076
29.79955073633392 40.726631998763565
29.697327617308634 40.7370998055935
29.63378351629291 40.735006375973285
29.509458101262165 40.72453823978255
29.380988505730393 40.72872569187386
29.282909567206126 40.725585127506854
29.18897480918289 40.735006375973285
29.085370296657267 40.775816370729316
28.996961112635397 40.811373873432956
28.922365863616943 40.850047162917086
28.876779878105673 40.873031397742444
28.780082333081754 40.88034289068186
28.633654622045526 40.873031397742444
28.51899896151716 40.86571909727763
28.309027149465223 40.84691233112448
28.147404109925244 40.82287369399069
28.086622795910213 40.81032833634909
28.052087958401664 40.80510040380905
28.014790333892442 40.80510040380905
27.865599835855534 40.81241939404187
27.697069828813852 40.81241939404187
27.56307465928071 40.795689087357594
27.459470146755084 40.791505851728495
27.348958666727746 40.75384487101917
27.217541390442022 40.717634518163415
26.992254631095058 40.65680855372179
26.865957508430856 40.610180910895615
26.69016556742527 40.55703755216021
26.471705679573674 40.48697944313624
26.30956748155882 40.45062419395924
26.102197635275886 40.3951107300007
25.8811550518754 40.34823561496323
