>    # 9999 9999 9999  
35.6264 32.97 20.0 
35.6204 33.0149 9.9795 
35.6009 33.0566 20.0 
>    # 9999 9999 9999  
35.5727 33.3195 20.0 
35.5823 33.3638 9.7063 
35.5981 33.4067 20.0 
>    # 9999 9999 9999  
35.5629 33.1404 20.0 
35.5584 33.2303 20.0 
35.559 33.1839 9.3652 
>    # 9999 9999 9999  
36.1541 34.278 0.0 
36.1192 34.2435 11.372 
36.0886 34.2063 0.0 
>    # 9999 9999 9999  
35.6363 33.4908 0.0 
35.6188 33.4485 9.8652 
35.5981 33.4067 0.0 
>    # 9999 9999 9999  
35.5727 33.3195 0.0 
35.5639 33.2785 10.22 
35.5584 33.2303 0.0 
>    # 9999 9999 9999  
35.9883 34.0469 20.0 
36.0122 34.0873 8.6361 
36.0356 34.1279 20.0 
>    # 9999 9999 9999  
34.783 29.1972 20.0 
34.7991 29.24 9.6228 
34.8207 29.2808 20.0 
>    # 9999 9999 9999  
36.2158 34.3517 20.0 
36.2386 34.3926 8.638 
36.26 34.434 20.0 
>    # 9999 9999 9999  
36.3487 35.1458 0.0 
36.3493 35.0559 0.0 
36.3517 35.1017 10.3663 
>    # 9999 9999 9999  
35.6363 33.4908 20.0 
35.6528 33.5338 9.7164 
35.6735 33.5752 20.0 
>    # 9999 9999 9999  
35.9318 33.9703 0.0 
35.9035 33.932 11.3582 
35.8772 33.8927 0.0 
>    # 9999 9999 9999  
36.2846 35.5013 20.0 
36.2837 35.5913 20.0 
36.2817 35.5463 9.7153 
>    # 9999 9999 9999  
35.6171 32.7902 20.0 
35.6209 32.8369 9.6717 
35.6245 32.8801 20.0 
>    # 9999 9999 9999  
34.4701 28.152 20.0 
34.4805 28.1961 9.7165 
34.4946 28.2394 20.0 
>    # 9999 9999 9999  
36.4503 36.5706 20.0 
36.4571 36.6153 8.6444 
36.468 36.6594 20.0 
>    # 9999 9999 9999  
35.7196 33.6566 0.0 
35.6965 33.6165 9.8536 
35.6735 33.5752 0.0 
>    # 9999 9999 9999  
36.2846 35.5013 0.0 
36.292 35.4115 0.0 
36.2875 35.4616 10.7171 
>    # 9999 9999 9999  
36.2889 35.6812 0.0 
36.2863 35.6368 9.8522 
36.2837 35.5913 0.0 
>    # 9999 9999 9999  
36.3333 36.039 0.0 
36.3213 35.9935 10.3235 
36.3124 35.9507 0.0 
>    # 9999 9999 9999  
34.6696 28.8508 20.0 
34.6806 28.8938 9.6824 
34.6952 28.938 20.0 
>    # 9999 9999 9999  
34.5229 28.326 0.0 
34.5089 28.2832 9.8525 
34.4946 28.2394 0.0 
>    # 9999 9999 9999  
34.4701 28.152 0.0 
34.462 28.1129 10.7163 
34.4518 28.0633 0.0 
>    # 9999 9999 9999  
34.5797 28.4991 20.0 
34.5932 28.5418 9.6411 
34.6043 28.5866 20.0 
>    # 9999 9999 9999  
36.3196 34.6067 0.0 
36.3089 34.5625 11.351 
36.2973 34.5185 0.0 
>    # 9999 9999 9999  
36.3333 36.039 20.0 
36.3449 36.0831 8.6497 
36.3563 36.1271 20.0 
>    # 9999 9999 9999  
36.3339 34.6959 20.0 
36.3347 34.7402 9.3896 
36.3354 34.786 20.0 
>    # 9999 9999 9999  
35.3427 30.5514 20.0 
35.3532 30.5963 9.6442 
35.3624 30.6398 20.0 
>    # 9999 9999 9999  
34.7244 29.0244 0.0 
34.7099 28.9817 9.8403 
34.6952 28.938 0.0 
>    # 9999 9999 9999  
36.3154 35.3235 0.0 
36.3381 35.2354 0.0 
36.3273 35.2778 10.3239 
>    # 9999 9999 9999  
35.4484 31.266 20.0 
35.4532 31.3115 9.3893 
35.4595 31.3556 20.0 
>    # 9999 9999 9999  
35.3954 30.8178 20.0 
35.4019 30.8618 9.39 
35.4087 30.9072 20.0 
>    # 9999 9999 9999  
36.3388 34.876 0.0 
36.3361 34.8262 10.393 
36.3354 34.786 0.0 
>    # 9999 9999 9999  
36.3931 36.3047 0.0 
36.383 36.2613 10.3568 
36.374 36.216 0.0 
>    # 9999 9999 9999  
35.4205 30.9967 0.0 
35.4146 30.9471 10.393 
35.4087 30.9072 0.0 
>    # 9999 9999 9999  
36.3154 35.3235 20.0 
36.292 35.4115 20.0 
36.3043 35.3645 9.8167 
>    # 9999 9999 9999  
34.908 29.4441 20.0 
34.9302 29.4855 9.6455 
34.9508 29.5261 20.0 
>    # 9999 9999 9999  
35.5582 32.0713 0.0 
35.5543 32.0263 11.3479 
35.5504 31.9814 0.0 
>    # 9999 9999 9999  
35.4484 31.266 0.0 
35.4442 31.2249 10.422 
35.4391 31.1762 0.0 
>    # 9999 9999 9999  
34.4335 27.9747 0.0 
34.4243 27.9297 10.61 
34.4165 27.8858 0.0 
>    # 9999 9999 9999  
35.0662 29.7769 0.0 
35.0471 29.7342 10.3559 
35.0281 29.6932 0.0 
>    # 9999 9999 9999  
35.5695 32.2512 0.0 
35.5673 32.2062 10.3638 
35.5652 32.1612 0.0 
>    # 9999 9999 9999  
35.4205 30.9967 20.0 
35.4251 31.0416 8.6523 
35.4298 31.0865 20.0 
>    # 9999 9999 9999  
36.3388 34.876 20.0 
36.3415 34.9209 8.6523 
36.3442 34.9659 20.0 
>    # 9999 9999 9999  
36.2889 35.6812 20.0 
36.2919 35.728 9.6774 
36.2959 35.7711 20.0 
>    # 9999 9999 9999  
35.5285 31.8022 20.0 
35.535 31.8461 9.644 
35.5417 31.8916 20.0 
>    # 9999 9999 9999  
35.7196 33.6566 20.0 
35.7469 33.6973 9.6799 
35.7725 33.7351 20.0 
>    # 9999 9999 9999  
34.4335 27.9747 20.0 
34.4429 28.0201 9.8863 
34.4518 28.0633 20.0 
>    # 9999 9999 9999  
35.3069 30.4668 0.0 
35.2889 30.4245 11.3475 
35.2711 30.3821 0.0 
>    # 9999 9999 9999  
35.5827 32.431 0.0 
35.5786 32.3853 10.356 
35.5746 32.3412 0.0 
>    # 9999 9999 9999  
36.4371 36.4812 0.0 
36.4264 36.437 11.3475 
36.4153 36.3929 0.0 
>    # 9999 9999 9999  
35.2135 30.209 20.0 
35.2279 30.2525 8.9609 
35.2421 30.2956 20.0 
>    # 9999 9999 9999  
35.5912 32.5208 20.0 
35.5959 32.5657 8.9618 
35.6007 32.6106 20.0 
>    # 9999 9999 9999  
34.3863 27.7075 20.0 
34.3938 27.7521 8.6528 
34.4014 27.7967 20.0 
>    # 9999 9999 9999  
35.185 30.1223 0.0 
35.1708 30.079 10.3481 
35.1563 30.0357 0.0 
>    # 9999 9999 9999  
35.6171 32.7902 0.0 
35.614 32.752 10.4768 
35.6098 32.7003 0.0 
>    # 9999 9999 9999  
35.0963 29.8632 20.0 
35.1112 29.906 8.9603 
35.1263 29.9494 20.0 
>    # 9999 9999 9999  
35.5019 31.6234 20.0 
35.5088 31.6689 9.6441 
35.5153 31.7128 20.0 
>    # 9999 9999 9999  
35.4878 31.5342 0.0 
35.4807 31.4895 11.038 
35.4736 31.4449 0.0 
>    # 9999 9999 9999  
34.6478 28.7627 0.0 
34.6369 28.7187 11.0372 
34.6261 28.6746 0.0 
>    # 9999 9999 9999  
34.7244 29.0244 20.0 
34.7396 29.0693 9.6775 
34.7537 29.1108 20.0 
>    # 9999 9999 9999  
34.5229 28.326 20.0 
34.5376 28.371 9.6777 
34.5513 28.4126 20.0 
>    # 9999 9999 9999  
36.0122 34.0873 8.6361 
36.0601 34.1696 8.9103 
36.0356 34.1279 20.0 
>    # 9999 9999 9999  
35.9318 33.9703 0.0 
35.9634 34.0086 11.0954 
35.9035 33.932 11.3582 
>    # 9999 9999 9999  
36.1541 34.278 0.0 
36.1888 34.314 11.0938 
36.1192 34.2435 11.372 
>    # 9999 9999 9999  
36.3449 36.0831 8.6497 
36.3655 36.1729 8.9081 
36.3563 36.1271 20.0 
>    # 9999 9999 9999  
35.4251 31.0416 8.6523 
35.4346 31.1327 8.908 
35.4298 31.0865 20.0 
>    # 9999 9999 9999  
35.5543 32.0263 11.3479 
35.5464 31.9352 11.0927 
35.5504 31.9814 0.0 
>    # 9999 9999 9999  
36.2386 34.3926 8.638 
36.2799 34.4771 8.9005 
36.26 34.434 20.0 
>    # 9999 9999 9999  
35.5912 32.5208 20.0 
35.5866 32.4746 8.9079 
35.5959 32.5657 8.9618 
>    # 9999 9999 9999  
35.2135 30.209 20.0 
35.1988 30.1643 8.9079 
35.2279 30.2525 8.9609 
>    # 9999 9999 9999  
35.5959 32.5657 8.9618 
35.6055 32.6568 8.9078 
35.6007 32.6106 20.0 
>    # 9999 9999 9999  
35.4878 31.5342 0.0 
35.4951 31.5801 11.0921 
35.4807 31.4895 11.038 
>    # 9999 9999 9999  
35.1112 29.906 8.9603 
35.1417 29.9938 8.9079 
35.1263 29.9494 20.0 
>    # 9999 9999 9999  
36.3415 34.9209 8.6523 
36.3469 35.0122 8.9098 
36.3442 34.9659 20.0 
>    # 9999 9999 9999  
34.3938 27.7521 8.6528 
34.4092 27.8425 8.908 
34.4014 27.7967 20.0 
>    # 9999 9999 9999  
34.6369 28.7187 11.0372 
34.6149 28.6293 11.0914 
34.6261 28.6746 0.0 
>    # 9999 9999 9999  
35.4807 31.4895 11.038 
35.4664 31.3989 11.0919 
35.4736 31.4449 0.0 
>    # 9999 9999 9999  
34.6478 28.7627 0.0 
34.659 28.8081 11.0912 
34.6369 28.7187 11.0372 
>    # 9999 9999 9999  
35.2279 30.2525 8.9609 
35.2568 30.3402 8.9059 
35.2421 30.2956 20.0 
>    # 9999 9999 9999  
35.0963 29.8632 20.0 
35.081 29.8188 8.9048 
35.1112 29.906 8.9603 
>    # 9999 9999 9999  
36.4371 36.4812 0.0 
36.4441 36.5272 11.0903 
36.4264 36.437 11.3475 
>    # 9999 9999 9999  
36.3196 34.6067 0.0 
36.3277 34.6524 11.0966 
36.3089 34.5625 11.351 
>    # 9999 9999 9999  
35.3069 30.4668 0.0 
35.3254 30.51 11.1034 
35.2889 30.4245 11.3475 
>    # 9999 9999 9999  
35.381 30.7285 0.0 
35.3889 30.7744 11.0924 
35.3717 30.6842 11.0278 
>    # 9999 9999 9999  
34.8643 29.3625 0.0 
34.8868 29.4045 11.093 
34.8425 29.3217 11.0239 
>    # 9999 9999 9999  
36.2158 34.3517 0.0 
36.1888 34.314 11.0938 
36.1541 34.278 0.0 
>    # 9999 9999 9999  
35.9883 34.0469 0.0 
35.9634 34.0086 11.0954 
35.9318 33.9703 0.0 
>    # 9999 9999 9999  
36.0356 34.1279 20.0 
36.0601 34.1696 8.9103 
36.0886 34.2063 20.0 
>    # 9999 9999 9999  
35.3427 30.5514 0.0 
35.3254 30.51 11.1034 
35.3069 30.4668 0.0 
>    # 9999 9999 9999  
36.26 34.434 20.0 
36.2799 34.4771 8.9005 
36.2973 34.5185 20.0 
>    # 9999 9999 9999  
36.3339 34.6959 0.0 
36.3277 34.6524 11.0966 
36.3196 34.6067 0.0 
>    # 9999 9999 9999  
36.3442 34.9659 20.0 
36.3469 35.0122 8.9098 
36.3493 35.0559 20.0 
>    # 9999 9999 9999  
35.0662 29.7769 20.0 
35.081 29.8188 8.9048 
35.0963 29.8632 20.0 
>    # 9999 9999 9999  
36.4503 36.5706 0.0 
36.4441 36.5272 11.0903 
36.4371 36.4812 0.0 
>    # 9999 9999 9999  
35.2421 30.2956 20.0 
35.2568 30.3402 8.9059 
35.2711 30.3821 20.0 
>    # 9999 9999 9999  
34.6696 28.8508 0.0 
34.659 28.8081 11.0912 
34.6478 28.7627 0.0 
>    # 9999 9999 9999  
34.6261 28.6746 0.0 
34.6149 28.6293 11.0914 
34.6043 28.5866 0.0 
>    # 9999 9999 9999  
34.908 29.4441 0.0 
34.8868 29.4045 11.093 
34.8643 29.3625 0.0 
>    # 9999 9999 9999  
35.5504 31.9814 0.0 
35.5464 31.9352 11.0927 
35.5417 31.8916 0.0 
>    # 9999 9999 9999  
35.3954 30.8178 0.0 
35.3889 30.7744 11.0924 
35.381 30.7285 0.0 
>    # 9999 9999 9999  
35.4736 31.4449 0.0 
35.4664 31.3989 11.0919 
35.4595 31.3556 0.0 
>    # 9999 9999 9999  
36.3563 36.1271 20.0 
36.3655 36.1729 8.9081 
36.374 36.216 20.0 
>    # 9999 9999 9999  
34.4014 27.7967 20.0 
34.4092 27.8425 8.908 
34.4165 27.8858 20.0 
>    # 9999 9999 9999  
35.6007 32.6106 20.0 
35.6055 32.6568 8.9078 
35.6098 32.7003 20.0 
>    # 9999 9999 9999  
35.5827 32.431 20.0 
35.5866 32.4746 8.9079 
35.5912 32.5208 20.0 
>    # 9999 9999 9999  
35.1263 29.9494 20.0 
35.1417 29.9938 8.9079 
35.1563 30.0357 20.0 
>    # 9999 9999 9999  
35.5019 31.6234 0.0 
35.4951 31.5801 11.0921 
35.4878 31.5342 0.0 
>    # 9999 9999 9999  
35.185 30.1223 20.0 
35.1988 30.1643 8.9079 
35.2135 30.209 20.0 
>    # 9999 9999 9999  
35.4298 31.0865 20.0 
35.4346 31.1327 8.908 
35.4391 31.1762 20.0 
>    # 9999 9999 9999  
35.6264 32.97 0.0 
35.6284 32.9286 10.6228 
35.6245 32.8801 0.0 
>    # 9999 9999 9999  
35.5629 33.1404 0.0 
35.6009 33.0566 0.0 
35.5813 33.0941 10.7038 
>    # 9999 9999 9999  
36.3041 35.8609 20.0 
36.3084 35.9077 9.6414 
36.3124 35.9507 20.0 
>    # 9999 9999 9999  
34.9894 29.6096 0.0 
34.9702 29.5681 10.1041 
34.9508 29.5261 0.0 
>    # 9999 9999 9999  
35.8248 33.8139 0.0 
35.7981 33.7736 10.1437 
35.7725 33.7351 0.0 
>    # 9999 9999 9999  
34.783 29.1972 0.0 
34.7683 29.154 10.1386 
34.7537 29.1108 0.0 
>    # 9999 9999 9999  
34.8643 29.3625 0.0 
34.8425 29.3217 11.0239 
34.8207 29.2808 0.0 
>    # 9999 9999 9999  
36.3487 35.1458 20.0 
36.3381 35.2354 20.0 
36.3441 35.1909 9.8597 
>    # 9999 9999 9999  
35.381 30.7285 0.0 
35.3717 30.6842 11.0278 
35.3624 30.6398 0.0 
>    # 9999 9999 9999  
34.5797 28.4991 0.0 
34.5654 28.4558 10.1434 
34.5513 28.4126 0.0 
>    # 9999 9999 9999  
35.8248 33.8139 20.0 
35.8501 33.8519 9.6146 
35.8772 33.8927 20.0 
>    # 9999 9999 9999  
36.3931 36.3047 20.0 
36.4032 36.3448 9.3613 
36.4153 36.3929 20.0 
>    # 9999 9999 9999  
35.5695 32.2512 20.0 
35.5717 32.2959 9.8667 
35.5746 32.3412 20.0 
>    # 9999 9999 9999  
34.9894 29.6096 20.0 
35.0106 29.6554 9.4955 
35.0281 29.6932 20.0 
>    # 9999 9999 9999  
35.5582 32.0713 20.0 
35.5625 32.1204 9.362 
35.5652 32.1612 20.0 
>    # 9999 9999 9999  
36.3041 35.8609 0.0 
36.2997 35.8129 10.6574 
36.2959 35.7711 0.0 
>    # 9999 9999 9999  
35.5285 31.8022 0.0 
35.5219 31.7575 10.1353 
35.5153 31.7128 0.0 
>    # 9999 9999 9999  
35.6204 33.0149 9.9795 
35.6009 33.0566 20.0 
35.5813 33.0941 10.7038 
>    # 9999 9999 9999  
35.6264 32.97 20.0 
35.6204 33.0149 9.9795 
35.6284 32.9286 10.6228 
>    # 9999 9999 9999  
34.7991 29.24 9.6228 
34.8425 29.3217 11.0239 
34.8207 29.2808 20.0 
>    # 9999 9999 9999  
34.783 29.1972 20.0 
34.7683 29.154 10.1386 
34.7991 29.24 9.6228 
>    # 9999 9999 9999  
36.3487 35.1458 0.0 
36.3517 35.1017 10.3663 
36.3441 35.1909 9.8597 
>    # 9999 9999 9999  
35.6209 32.8369 9.6717 
35.6284 32.9286 10.6228 
35.6245 32.8801 20.0 
>    # 9999 9999 9999  
35.9035 33.932 11.3582 
35.8501 33.8519 9.6146 
35.8772 33.8927 0.0 
>    # 9999 9999 9999  
35.5629 33.1404 20.0 
35.5813 33.0941 10.7038 
35.559 33.1839 9.3652 
>    # 9999 9999 9999  
34.5797 28.4991 20.0 
34.5654 28.4558 10.1434 
34.5932 28.5418 9.6411 
>    # 9999 9999 9999  
35.3532 30.5963 9.6442 
35.3717 30.6842 11.0278 
35.3624 30.6398 20.0 
>    # 9999 9999 9999  
36.3931 36.3047 0.0 
36.4032 36.3448 9.3613 
36.383 36.2613 10.3568 
>    # 9999 9999 9999  
36.2919 35.728 9.6774 
36.2997 35.8129 10.6574 
36.2959 35.7711 20.0 
>    # 9999 9999 9999  
35.0471 29.7342 10.3559 
35.0106 29.6554 9.4955 
35.0281 29.6932 0.0 
>    # 9999 9999 9999  
35.5582 32.0713 0.0 
35.5625 32.1204 9.362 
35.5543 32.0263 11.3479 
>    # 9999 9999 9999  
35.5673 32.2062 10.3638 
35.5625 32.1204 9.362 
35.5652 32.1612 0.0 
>    # 9999 9999 9999  
35.5695 32.2512 0.0 
35.5717 32.2959 9.8667 
35.5673 32.2062 10.3638 
>    # 9999 9999 9999  
36.4264 36.437 11.3475 
36.4032 36.3448 9.3613 
36.4153 36.3929 0.0 
>    # 9999 9999 9999  
35.5285 31.8022 20.0 
35.5219 31.7575 10.1353 
35.535 31.8461 9.644 
>    # 9999 9999 9999  
35.5786 32.3853 10.356 
35.5717 32.2959 9.8667 
35.5746 32.3412 0.0 
>    # 9999 9999 9999  
35.5088 31.6689 9.6441 
35.5219 31.7575 10.1353 
35.5153 31.7128 20.0 
>    # 9999 9999 9999  
34.5376 28.371 9.6777 
34.5654 28.4558 10.1434 
34.5513 28.4126 20.0 
>    # 9999 9999 9999  
34.7396 29.0693 9.6775 
34.7683 29.154 10.1386 
34.7537 29.1108 20.0 
>    # 9999 9999 9999  
36.3273 35.2778 10.3239 
36.3381 35.2354 0.0 
36.3441 35.1909 9.8597 
>    # 9999 9999 9999  
36.3213 35.9935 10.3235 
36.3084 35.9077 9.6414 
36.3124 35.9507 0.0 
>    # 9999 9999 9999  
34.9302 29.4855 9.6455 
34.9702 29.5681 10.1041 
34.9508 29.5261 20.0 
>    # 9999 9999 9999  
35.7469 33.6973 9.6799 
35.7981 33.7736 10.1437 
35.7725 33.7351 20.0 
>    # 9999 9999 9999  
35.5727 33.3195 20.0 
35.5639 33.2785 10.22 
35.5823 33.3638 9.7063 
>    # 9999 9999 9999  
35.5823 33.3638 9.7063 
35.6188 33.4485 9.8652 
35.5981 33.4067 20.0 
>    # 9999 9999 9999  
35.5823 33.3638 9.7063 
35.5639 33.2785 10.22 
35.5727 33.3195 0.0 
>    # 9999 9999 9999  
35.5981 33.4067 0.0 
35.6188 33.4485 9.8652 
35.5823 33.3638 9.7063 
>    # 9999 9999 9999  
35.6528 33.5338 9.7164 
35.6188 33.4485 9.8652 
35.6363 33.4908 0.0 
>    # 9999 9999 9999  
35.559 33.1839 9.3652 
35.5639 33.2785 10.22 
35.5584 33.2303 20.0 
>    # 9999 9999 9999  
35.5584 33.2303 0.0 
35.5639 33.2785 10.22 
35.559 33.1839 9.3652 
>    # 9999 9999 9999  
35.6528 33.5338 9.7164 
35.6965 33.6165 9.8536 
35.6735 33.5752 20.0 
>    # 9999 9999 9999  
36.2817 35.5463 9.7153 
36.2863 35.6368 9.8522 
36.2837 35.5913 20.0 
>    # 9999 9999 9999  
36.2846 35.5013 20.0 
36.2817 35.5463 9.7153 
36.2875 35.4616 10.7171 
>    # 9999 9999 9999  
35.6363 33.4908 20.0 
35.6188 33.4485 9.8652 
35.6528 33.5338 9.7164 
>    # 9999 9999 9999  
34.4805 28.1961 9.7165 
34.5089 28.2832 9.8525 
34.4946 28.2394 20.0 
>    # 9999 9999 9999  
34.4701 28.152 20.0 
34.462 28.1129 10.7163 
34.4805 28.1961 9.7165 
>    # 9999 9999 9999  
36.2158 34.3517 20.0 
36.1888 34.314 11.0938 
36.2386 34.3926 8.638 
>    # 9999 9999 9999  
36.1192 34.2435 11.372 
36.0601 34.1696 8.9103 
36.0886 34.2063 0.0 
>    # 9999 9999 9999  
35.6735 33.5752 0.0 
35.6965 33.6165 9.8536 
35.6528 33.5338 9.7164 
>    # 9999 9999 9999  
36.2817 35.5463 9.7153 
36.2846 35.5013 0.0 
36.2875 35.4616 10.7171 
>    # 9999 9999 9999  
36.2837 35.5913 0.0 
36.2863 35.6368 9.8522 
36.2817 35.5463 9.7153 
>    # 9999 9999 9999  
36.3333 36.039 0.0 
36.3449 36.0831 8.6497 
36.3213 35.9935 10.3235 
>    # 9999 9999 9999  
35.6171 32.7902 20.0 
35.614 32.752 10.4768 
35.6209 32.8369 9.6717 
>    # 9999 9999 9999  
34.6806 28.8938 9.6824 
34.7099 28.9817 9.8403 
34.6952 28.938 20.0 
>    # 9999 9999 9999  
34.4946 28.2394 0.0 
34.5089 28.2832 9.8525 
34.4805 28.1961 9.7165 
>    # 9999 9999 9999  
34.4805 28.1961 9.7165 
34.462 28.1129 10.7163 
34.4701 28.152 0.0 
>    # 9999 9999 9999  
36.2919 35.728 9.6774 
36.2863 35.6368 9.8522 
36.2889 35.6812 0.0 
>    # 9999 9999 9999  
36.3213 35.9935 10.3235 
36.3449 36.0831 8.6497 
36.3333 36.039 20.0 
>    # 9999 9999 9999  
35.7469 33.6973 9.6799 
35.6965 33.6165 9.8536 
35.7196 33.6566 0.0 
>    # 9999 9999 9999  
34.6952 28.938 0.0 
34.7099 28.9817 9.8403 
34.6806 28.8938 9.6824 
>    # 9999 9999 9999  
34.5376 28.371 9.6777 
34.5089 28.2832 9.8525 
34.5229 28.326 0.0 
>    # 9999 9999 9999  
34.462 28.1129 10.7163 
34.4429 28.0201 9.8863 
34.4518 28.0633 0.0 
>    # 9999 9999 9999  
36.3347 34.7402 9.3896 
36.3361 34.8262 10.393 
36.3354 34.786 20.0 
>    # 9999 9999 9999  
35.4484 31.266 20.0 
35.4442 31.2249 10.422 
35.4532 31.3115 9.3893 
>    # 9999 9999 9999  
34.7396 29.0693 9.6775 
34.7099 28.9817 9.8403 
34.7244 29.0244 0.0 
>    # 9999 9999 9999  
36.3415 34.9209 8.6523 
36.3361 34.8262 10.393 
36.3388 34.876 0.0 
>    # 9999 9999 9999  
35.4251 31.0416 8.6523 
35.4146 30.9471 10.393 
35.4205 30.9967 0.0 
>    # 9999 9999 9999  
35.4087 30.9072 0.0 
35.4146 30.9471 10.393 
35.4019 30.8618 9.39 
>    # 9999 9999 9999  
36.3354 34.786 0.0 
36.3361 34.8262 10.393 
36.3347 34.7402 9.3896 
>    # 9999 9999 9999  
36.3154 35.3235 0.0 
36.3273 35.2778 10.3239 
36.3043 35.3645 9.8167 
>    # 9999 9999 9999  
35.4019 30.8618 9.39 
35.4146 30.9471 10.393 
35.4087 30.9072 20.0 
>    # 9999 9999 9999  
35.4532 31.3115 9.3893 
35.4442 31.2249 10.422 
35.4484 31.266 0.0 
>    # 9999 9999 9999  
34.4335 27.9747 0.0 
34.4429 28.0201 9.8863 
34.4243 27.9297 10.61 
>    # 9999 9999 9999  
36.3388 34.876 20.0 
36.3361 34.8262 10.393 
36.3415 34.9209 8.6523 
>    # 9999 9999 9999  
35.4205 30.9967 20.0 
35.4146 30.9471 10.393 
35.4251 31.0416 8.6523 
>    # 9999 9999 9999  
36.3273 35.2778 10.3239 
36.3154 35.3235 20.0 
36.3043 35.3645 9.8167 
>    # 9999 9999 9999  
34.4243 27.9297 10.61 
34.4429 28.0201 9.8863 
34.4335 27.9747 20.0 
>    # 9999 9999 9999  
36.3517 35.1017 10.3663 
36.3469 35.0122 8.9098 
36.3493 35.0559 0.0 
>    # 9999 9999 9999  
36.2889 35.6812 20.0 
36.2863 35.6368 9.8522 
36.2919 35.728 9.6774 
>    # 9999 9999 9999  
34.7244 29.0244 20.0 
34.7099 28.9817 9.8403 
34.7396 29.0693 9.6775 
>    # 9999 9999 9999  
34.4518 28.0633 20.0 
34.4429 28.0201 9.8863 
34.462 28.1129 10.7163 
>    # 9999 9999 9999  
34.5229 28.326 20.0 
34.5089 28.2832 9.8525 
34.5376 28.371 9.6777 
>    # 9999 9999 9999  
35.6209 32.8369 9.6717 
35.614 32.752 10.4768 
35.6171 32.7902 0.0 
>    # 9999 9999 9999  
35.7196 33.6566 20.0 
35.6965 33.6165 9.8536 
35.7469 33.6973 9.6799 
>    # 9999 9999 9999  
36.2875 35.4616 10.7171 
36.292 35.4115 0.0 
36.3043 35.3645 9.8167 
>    # 9999 9999 9999  
35.9883 34.0469 20.0 
35.9634 34.0086 11.0954 
36.0122 34.0873 8.6361 
>    # 9999 9999 9999  
36.292 35.4115 20.0 
36.2875 35.4616 10.7171 
36.3043 35.3645 9.8167 
>    # 9999 9999 9999  
36.4503 36.5706 20.0 
36.4441 36.5272 11.0903 
36.4571 36.6153 8.6444 
>    # 9999 9999 9999  
34.6696 28.8508 20.0 
34.659 28.8081 11.0912 
34.6806 28.8938 9.6824 
>    # 9999 9999 9999  
36.3089 34.5625 11.351 
36.2799 34.4771 8.9005 
36.2973 34.5185 0.0 
>    # 9999 9999 9999  
34.5932 28.5418 9.6411 
34.6149 28.6293 11.0914 
34.6043 28.5866 20.0 
>    # 9999 9999 9999  
36.3339 34.6959 20.0 
36.3277 34.6524 11.0966 
36.3347 34.7402 9.3896 
>    # 9999 9999 9999  
35.3427 30.5514 20.0 
35.3254 30.51 11.1034 
35.3532 30.5963 9.6442 
>    # 9999 9999 9999  
35.4532 31.3115 9.3893 
35.4664 31.3989 11.0919 
35.4595 31.3556 20.0 
>    # 9999 9999 9999  
36.383 36.2613 10.3568 
36.3655 36.1729 8.9081 
36.374 36.216 0.0 
>    # 9999 9999 9999  
35.0662 29.7769 0.0 
35.081 29.8188 8.9048 
35.0471 29.7342 10.3559 
>    # 9999 9999 9999  
34.4243 27.9297 10.61 
34.4092 27.8425 8.908 
34.4165 27.8858 0.0 
>    # 9999 9999 9999  
35.3954 30.8178 20.0 
35.3889 30.7744 11.0924 
35.4019 30.8618 9.39 
>    # 9999 9999 9999  
35.535 31.8461 9.644 
35.5464 31.9352 11.0927 
35.5417 31.8916 20.0 
>    # 9999 9999 9999  
35.2889 30.4245 11.3475 
35.2568 30.3402 8.9059 
35.2711 30.3821 0.0 
>    # 9999 9999 9999  
35.4442 31.2249 10.422 
35.4346 31.1327 8.908 
35.4391 31.1762 0.0 
>    # 9999 9999 9999  
34.908 29.4441 20.0 
34.8868 29.4045 11.093 
34.9302 29.4855 9.6455 
>    # 9999 9999 9999  
35.5827 32.431 0.0 
35.5866 32.4746 8.9079 
35.5786 32.3853 10.356 
>    # 9999 9999 9999  
35.1708 30.079 10.3481 
35.1417 29.9938 8.9079 
35.1563 30.0357 0.0 
>    # 9999 9999 9999  
35.185 30.1223 0.0 
35.1988 30.1643 8.9079 
35.1708 30.079 10.3481 
>    # 9999 9999 9999  
35.614 32.752 10.4768 
35.6055 32.6568 8.9078 
35.6098 32.7003 0.0 
>    # 9999 9999 9999  
35.5019 31.6234 20.0 
35.4951 31.5801 11.0921 
35.5088 31.6689 9.6441 
>    # 9999 9999 9999  
35.8501 33.8519 9.6146 
35.7981 33.7736 10.1437 
35.8248 33.8139 0.0 
>    # 9999 9999 9999  
35.0106 29.6554 9.4955 
34.9702 29.5681 10.1041 
34.9894 29.6096 0.0 
>    # 9999 9999 9999  
36.2997 35.8129 10.6574 
36.3084 35.9077 9.6414 
36.3041 35.8609 20.0 
>    # 9999 9999 9999  
35.8248 33.8139 20.0 
35.7981 33.7736 10.1437 
35.8501 33.8519 9.6146 
>    # 9999 9999 9999  
34.9894 29.6096 20.0 
34.9702 29.5681 10.1041 
35.0106 29.6554 9.4955 
>    # 9999 9999 9999  
36.3041 35.8609 0.0 
36.3084 35.9077 9.6414 
36.2997 35.8129 10.6574 
>    # 9999 9999 9999  
35.6204 33.0149 9.9795 
35.6264 32.97 0.0 
35.6284 32.9286 10.6228 
>    # 9999 9999 9999  
35.6009 33.0566 0.0 
35.6204 33.0149 9.9795 
35.5813 33.0941 10.7038 
>    # 9999 9999 9999  
35.6245 32.8801 0.0 
35.6284 32.9286 10.6228 
35.6209 32.8369 9.6717 
>    # 9999 9999 9999  
34.7991 29.24 9.6228 
34.7683 29.154 10.1386 
34.783 29.1972 0.0 
>    # 9999 9999 9999  
36.3517 35.1017 10.3663 
36.3487 35.1458 20.0 
36.3441 35.1909 9.8597 
>    # 9999 9999 9999  
34.8207 29.2808 0.0 
34.8425 29.3217 11.0239 
34.7991 29.24 9.6228 
>    # 9999 9999 9999  
34.5932 28.5418 9.6411 
34.5654 28.4558 10.1434 
34.5797 28.4991 0.0 
>    # 9999 9999 9999  
35.3624 30.6398 0.0 
35.3717 30.6842 11.0278 
35.3532 30.5963 9.6442 
>    # 9999 9999 9999  
35.5673 32.2062 10.3638 
35.5717 32.2959 9.8667 
35.5695 32.2512 20.0 
>    # 9999 9999 9999  
35.5746 32.3412 20.0 
35.5717 32.2959 9.8667 
35.5786 32.3853 10.356 
>    # 9999 9999 9999  
36.383 36.2613 10.3568 
36.4032 36.3448 9.3613 
36.3931 36.3047 20.0 
>    # 9999 9999 9999  
35.5652 32.1612 20.0 
35.5625 32.1204 9.362 
35.5673 32.2062 10.3638 
>    # 9999 9999 9999  
35.0281 29.6932 20.0 
35.0106 29.6554 9.4955 
35.0471 29.7342 10.3559 
>    # 9999 9999 9999  
35.5543 32.0263 11.3479 
35.5625 32.1204 9.362 
35.5582 32.0713 20.0 
>    # 9999 9999 9999  
36.2959 35.7711 0.0 
36.2997 35.8129 10.6574 
36.2919 35.728 9.6774 
>    # 9999 9999 9999  
36.4153 36.3929 20.0 
36.4032 36.3448 9.3613 
36.4264 36.437 11.3475 
>    # 9999 9999 9999  
35.5153 31.7128 0.0 
35.5219 31.7575 10.1353 
35.5088 31.6689 9.6441 
>    # 9999 9999 9999  
34.5513 28.4126 0.0 
34.5654 28.4558 10.1434 
34.5376 28.371 9.6777 
>    # 9999 9999 9999  
34.7537 29.1108 0.0 
34.7683 29.154 10.1386 
34.7396 29.0693 9.6775 
>    # 9999 9999 9999  
35.535 31.8461 9.644 
35.5219 31.7575 10.1353 
35.5285 31.8022 0.0 
>    # 9999 9999 9999  
35.8772 33.8927 20.0 
35.8501 33.8519 9.6146 
35.9035 33.932 11.3582 
>    # 9999 9999 9999  
36.3124 35.9507 20.0 
36.3084 35.9077 9.6414 
36.3213 35.9935 10.3235 
>    # 9999 9999 9999  
36.3381 35.2354 20.0 
36.3273 35.2778 10.3239 
36.3441 35.1909 9.8597 
>    # 9999 9999 9999  
34.9508 29.5261 0.0 
34.9702 29.5681 10.1041 
34.9302 29.4855 9.6455 
>    # 9999 9999 9999  
35.7725 33.7351 0.0 
35.7981 33.7736 10.1437 
35.7469 33.6973 9.6799 
>    # 9999 9999 9999  
36.2386 34.3926 8.638 
36.1888 34.314 11.0938 
36.2158 34.3517 0.0 
>    # 9999 9999 9999  
35.3532 30.5963 9.6442 
35.3254 30.51 11.1034 
35.3427 30.5514 0.0 
>    # 9999 9999 9999  
36.2973 34.5185 20.0 
36.2799 34.4771 8.9005 
36.3089 34.5625 11.351 
>    # 9999 9999 9999  
36.3347 34.7402 9.3896 
36.3277 34.6524 11.0966 
36.3339 34.6959 0.0 
>    # 9999 9999 9999  
35.0471 29.7342 10.3559 
35.081 29.8188 8.9048 
35.0662 29.7769 20.0 
>    # 9999 9999 9999  
35.2711 30.3821 20.0 
35.2568 30.3402 8.9059 
35.2889 30.4245 11.3475 
>    # 9999 9999 9999  
36.3493 35.0559 20.0 
36.3469 35.0122 8.9098 
36.3517 35.1017 10.3663 
>    # 9999 9999 9999  
35.5417 31.8916 0.0 
35.5464 31.9352 11.0927 
35.535 31.8461 9.644 
>    # 9999 9999 9999  
36.4571 36.6153 8.6444 
36.4441 36.5272 11.0903 
36.4503 36.5706 0.0 
>    # 9999 9999 9999  
36.0122 34.0873 8.6361 
35.9634 34.0086 11.0954 
35.9883 34.0469 0.0 
>    # 9999 9999 9999  
34.6806 28.8938 9.6824 
34.659 28.8081 11.0912 
34.6696 28.8508 0.0 
>    # 9999 9999 9999  
36.0886 34.2063 20.0 
36.0601 34.1696 8.9103 
36.1192 34.2435 11.372 
>    # 9999 9999 9999  
34.6043 28.5866 0.0 
34.6149 28.6293 11.0914 
34.5932 28.5418 9.6411 
>    # 9999 9999 9999  
35.4595 31.3556 0.0 
35.4664 31.3989 11.0919 
35.4532 31.3115 9.3893 
>    # 9999 9999 9999  
36.374 36.216 20.0 
36.3655 36.1729 8.9081 
36.383 36.2613 10.3568 
>    # 9999 9999 9999  
35.6098 32.7003 20.0 
35.6055 32.6568 8.9078 
35.614 32.752 10.4768 
>    # 9999 9999 9999  
34.4165 27.8858 20.0 
34.4092 27.8425 8.908 
34.4243 27.9297 10.61 
>    # 9999 9999 9999  
35.1563 30.0357 20.0 
35.1417 29.9938 8.9079 
35.1708 30.079 10.3481 
>    # 9999 9999 9999  
35.1708 30.079 10.3481 
35.1988 30.1643 8.9079 
35.185 30.1223 20.0 
>    # 9999 9999 9999  
35.5088 31.6689 9.6441 
35.4951 31.5801 11.0921 
35.5019 31.6234 0.0 
>    # 9999 9999 9999  
35.4019 30.8618 9.39 
35.3889 30.7744 11.0924 
35.3954 30.8178 0.0 
>    # 9999 9999 9999  
35.5786 32.3853 10.356 
35.5866 32.4746 8.9079 
35.5827 32.431 20.0 
>    # 9999 9999 9999  
34.9302 29.4855 9.6455 
34.8868 29.4045 11.093 
34.908 29.4441 0.0 
>    # 9999 9999 9999  
35.4391 31.1762 20.0 
35.4346 31.1327 8.908 
35.4442 31.2249 10.422 
>    # 9999 9999 9999  
35.559 33.1839 9.3652 
35.5629 33.1404 0.0 
35.5813 33.0941 10.7038 
>    # 9999 9999 9999  
36.4571 36.6153 8.6444 
36.4744 36.6848 12.0488 
36.468 36.6594 20.0 
>    # 9999 9999 9999  
34.3863 27.7075 20.0 
34.3822 27.6836 12.0471 
34.3938 27.7521 8.6528 
>    # 9999 9999 9999  
34.8425 29.3217 11.0239 
34.8868 29.4045 11.093 
34.8643 29.3625 20.0 
>    # 9999 9999 9999  
35.3717 30.6842 11.0278 
35.3889 30.7744 11.0924 
35.381 30.7285 20.0 
>    # 9999 9999 9999  
35.6009 33.0566 20.0 
35.5629 33.1404 20.0 
35.5813 33.0941 10.7038 
>    # 9999 9999 9999  
35.6245 32.8801 20.0 
35.6284 32.9286 10.6228 
35.6264 32.97 20.0 
>    # 9999 9999 9999  
34.8207 29.2808 20.0 
34.8425 29.3217 11.0239 
34.8643 29.3625 20.0 
>    # 9999 9999 9999  
34.7537 29.1108 20.0 
34.7683 29.154 10.1386 
34.783 29.1972 20.0 
>    # 9999 9999 9999  
36.3381 35.2354 0.0 
36.3487 35.1458 0.0 
36.3441 35.1909 9.8597 
>    # 9999 9999 9999  
35.8772 33.8927 0.0 
35.8501 33.8519 9.6146 
35.8248 33.8139 0.0 
>    # 9999 9999 9999  
34.5513 28.4126 20.0 
34.5654 28.4558 10.1434 
34.5797 28.4991 20.0 
>    # 9999 9999 9999  
35.3624 30.6398 20.0 
35.3717 30.6842 11.0278 
35.381 30.7285 20.0 
>    # 9999 9999 9999  
36.4153 36.3929 0.0 
36.4032 36.3448 9.3613 
36.3931 36.3047 0.0 
>    # 9999 9999 9999  
36.2959 35.7711 20.0 
36.2997 35.8129 10.6574 
36.3041 35.8609 20.0 
>    # 9999 9999 9999  
35.0281 29.6932 0.0 
35.0106 29.6554 9.4955 
34.9894 29.6096 0.0 
>    # 9999 9999 9999  
35.5652 32.1612 0.0 
35.5625 32.1204 9.362 
35.5582 32.0713 0.0 
>    # 9999 9999 9999  
35.5153 31.7128 20.0 
35.5219 31.7575 10.1353 
35.5285 31.8022 20.0 
>    # 9999 9999 9999  
35.5746 32.3412 0.0 
35.5717 32.2959 9.8667 
35.5695 32.2512 0.0 
>    # 9999 9999 9999  
34.9508 29.5261 20.0 
34.9702 29.5681 10.1041 
34.9894 29.6096 20.0 
>    # 9999 9999 9999  
35.7725 33.7351 20.0 
35.7981 33.7736 10.1437 
35.8248 33.8139 20.0 
>    # 9999 9999 9999  
36.3124 35.9507 0.0 
36.3084 35.9077 9.6414 
36.3041 35.8609 0.0 
>    # 9999 9999 9999  
36.1541 34.278 20.0 
36.1888 34.314 11.0938 
36.2158 34.3517 20.0 
>    # 9999 9999 9999  
36.0886 34.2063 0.0 
36.0601 34.1696 8.9103 
36.0356 34.1279 0.0 
>    # 9999 9999 9999  
36.3493 35.0559 0.0 
36.3469 35.0122 8.9098 
36.3442 34.9659 0.0 
>    # 9999 9999 9999  
35.9318 33.9703 20.0 
35.9634 34.0086 11.0954 
35.9883 34.0469 20.0 
>    # 9999 9999 9999  
36.4371 36.4812 20.0 
36.4441 36.5272 11.0903 
36.4503 36.5706 20.0 
>    # 9999 9999 9999  
34.6478 28.7627 20.0 
34.659 28.8081 11.0912 
34.6696 28.8508 20.0 
>    # 9999 9999 9999  
34.6043 28.5866 20.0 
34.6149 28.6293 11.0914 
34.6261 28.6746 20.0 
>    # 9999 9999 9999  
35.9035 33.932 11.3582 
35.9634 34.0086 11.0954 
35.9318 33.9703 20.0 
>    # 9999 9999 9999  
36.0356 34.1279 0.0 
36.0601 34.1696 8.9103 
36.0122 34.0873 8.6361 
>    # 9999 9999 9999  
35.4595 31.3556 20.0 
35.4664 31.3989 11.0919 
35.4736 31.4449 20.0 
>    # 9999 9999 9999  
36.374 36.216 0.0 
36.3655 36.1729 8.9081 
36.3563 36.1271 0.0 
>    # 9999 9999 9999  
34.4165 27.8858 0.0 
34.4092 27.8425 8.908 
34.4014 27.7967 0.0 
>    # 9999 9999 9999  
35.381 30.7285 20.0 
35.3889 30.7744 11.0924 
35.3954 30.8178 20.0 
>    # 9999 9999 9999  
35.4391 31.1762 0.0 
35.4346 31.1327 8.908 
35.4298 31.0865 0.0 
>    # 9999 9999 9999  
35.2135 30.209 0.0 
35.1988 30.1643 8.9079 
35.185 30.1223 0.0 
>    # 9999 9999 9999  
35.5912 32.5208 0.0 
35.5866 32.4746 8.9079 
35.5827 32.431 0.0 
>    # 9999 9999 9999  
35.1563 30.0357 0.0 
35.1417 29.9938 8.9079 
35.1263 29.9494 0.0 
>    # 9999 9999 9999  
35.4878 31.5342 20.0 
35.4951 31.5801 11.0921 
35.5019 31.6234 20.0 
>    # 9999 9999 9999  
35.6098 32.7003 0.0 
35.6055 32.6568 8.9078 
35.6007 32.6106 0.0 
>    # 9999 9999 9999  
34.8643 29.3625 20.0 
34.8868 29.4045 11.093 
34.908 29.4441 20.0 
>    # 9999 9999 9999  
35.5417 31.8916 20.0 
35.5464 31.9352 11.0927 
35.5504 31.9814 20.0 
>    # 9999 9999 9999  
35.2711 30.3821 0.0 
35.2568 30.3402 8.9059 
35.2421 30.2956 0.0 
>    # 9999 9999 9999  
35.0963 29.8632 0.0 
35.081 29.8188 8.9048 
35.0662 29.7769 0.0 
>    # 9999 9999 9999  
36.3196 34.6067 20.0 
36.3277 34.6524 11.0966 
36.3339 34.6959 20.0 
>    # 9999 9999 9999  
36.3442 34.9659 0.0 
36.3469 35.0122 8.9098 
36.3415 34.9209 8.6523 
>    # 9999 9999 9999  
34.6369 28.7187 11.0372 
34.659 28.8081 11.0912 
34.6478 28.7627 20.0 
>    # 9999 9999 9999  
34.6261 28.6746 20.0 
34.6149 28.6293 11.0914 
34.6369 28.7187 11.0372 
>    # 9999 9999 9999  
35.5959 32.5657 8.9618 
35.5866 32.4746 8.9079 
35.5912 32.5208 0.0 
>    # 9999 9999 9999  
35.4807 31.4895 11.038 
35.4951 31.5801 11.0921 
35.4878 31.5342 20.0 
>    # 9999 9999 9999  
34.4014 27.7967 0.0 
34.4092 27.8425 8.908 
34.3938 27.7521 8.6528 
>    # 9999 9999 9999  
35.2279 30.2525 8.9609 
35.1988 30.1643 8.9079 
35.2135 30.209 0.0 
>    # 9999 9999 9999  
35.4298 31.0865 0.0 
35.4346 31.1327 8.908 
35.4251 31.0416 8.6523 
>    # 9999 9999 9999  
35.4736 31.4449 20.0 
35.4664 31.3989 11.0919 
35.4807 31.4895 11.038 
>    # 9999 9999 9999  
35.1263 29.9494 0.0 
35.1417 29.9938 8.9079 
35.1112 29.906 8.9603 
>    # 9999 9999 9999  
35.6007 32.6106 0.0 
35.6055 32.6568 8.9078 
35.5959 32.5657 8.9618 
>    # 9999 9999 9999  
36.2973 34.5185 0.0 
36.2799 34.4771 8.9005 
36.26 34.434 0.0 
>    # 9999 9999 9999  
35.5504 31.9814 20.0 
35.5464 31.9352 11.0927 
35.5543 32.0263 11.3479 
>    # 9999 9999 9999  
36.3563 36.1271 0.0 
36.3655 36.1729 8.9081 
36.3449 36.0831 8.6497 
>    # 9999 9999 9999  
36.4264 36.437 11.3475 
36.4441 36.5272 11.0903 
36.4371 36.4812 20.0 
>    # 9999 9999 9999  
35.3069 30.4668 20.0 
35.3254 30.51 11.1034 
35.3427 30.5514 20.0 
>    # 9999 9999 9999  
35.2421 30.2956 0.0 
35.2568 30.3402 8.9059 
35.2279 30.2525 8.9609 
>    # 9999 9999 9999  
35.1112 29.906 8.9603 
35.081 29.8188 8.9048 
35.0963 29.8632 0.0 
>    # 9999 9999 9999  
36.1192 34.2435 11.372 
36.1888 34.314 11.0938 
36.1541 34.278 20.0 
>    # 9999 9999 9999  
36.3089 34.5625 11.351 
36.3277 34.6524 11.0966 
36.3196 34.6067 20.0 
>    # 9999 9999 9999  
36.26 34.434 0.0 
36.2799 34.4771 8.9005 
36.2386 34.3926 8.638 
>    # 9999 9999 9999  
35.2889 30.4245 11.3475 
35.3254 30.51 11.1034 
35.3069 30.4668 20.0 
>    # 9999 9999 9999  
36.0356 34.1279 0.0 
36.0122 34.0873 8.6361 
35.9883 34.0469 0.0 
>    # 9999 9999 9999  
35.6245 32.8801 0.0 
35.6209 32.8369 9.6717 
35.6171 32.7902 0.0 
>    # 9999 9999 9999  
36.26 34.434 0.0 
36.2386 34.3926 8.638 
36.2158 34.3517 0.0 
>    # 9999 9999 9999  
36.2837 35.5913 20.0 
36.2863 35.6368 9.8522 
36.2889 35.6812 20.0 
>    # 9999 9999 9999  
35.5981 33.4067 20.0 
35.6188 33.4485 9.8652 
35.6363 33.4908 20.0 
>    # 9999 9999 9999  
34.4518 28.0633 20.0 
34.462 28.1129 10.7163 
34.4701 28.152 20.0 
>    # 9999 9999 9999  
34.4946 28.2394 20.0 
34.5089 28.2832 9.8525 
34.5229 28.326 20.0 
>    # 9999 9999 9999  
35.6735 33.5752 20.0 
35.6965 33.6165 9.8536 
35.7196 33.6566 20.0 
>    # 9999 9999 9999  
36.3563 36.1271 0.0 
36.3449 36.0831 8.6497 
36.3333 36.039 0.0 
>    # 9999 9999 9999  
36.3354 34.786 0.0 
36.3347 34.7402 9.3896 
36.3339 34.6959 0.0 
>    # 9999 9999 9999  
34.6952 28.938 20.0 
34.7099 28.9817 9.8403 
34.7244 29.0244 20.0 
>    # 9999 9999 9999  
35.5584 33.2303 0.0 
35.5629 33.1404 0.0 
35.559 33.1839 9.3652 
>    # 9999 9999 9999  
36.3381 35.2354 20.0 
36.3154 35.3235 20.0 
36.3273 35.2778 10.3239 
>    # 9999 9999 9999  
35.4087 30.9072 0.0 
35.4019 30.8618 9.39 
35.3954 30.8178 0.0 
>    # 9999 9999 9999  
35.5504 31.9814 20.0 
35.5543 32.0263 11.3479 
35.5582 32.0713 20.0 
>    # 9999 9999 9999  
35.4391 31.1762 20.0 
35.4442 31.2249 10.422 
35.4484 31.266 20.0 
>    # 9999 9999 9999  
36.2973 34.5185 20.0 
36.3089 34.5625 11.351 
36.3196 34.6067 20.0 
>    # 9999 9999 9999  
35.5652 32.1612 20.0 
35.5673 32.2062 10.3638 
35.5695 32.2512 20.0 
>    # 9999 9999 9999  
35.4298 31.0865 0.0 
35.4251 31.0416 8.6523 
35.4205 30.9967 0.0 
>    # 9999 9999 9999  
36.3442 34.9659 0.0 
36.3415 34.9209 8.6523 
36.3388 34.876 0.0 
>    # 9999 9999 9999  
35.5417 31.8916 0.0 
35.535 31.8461 9.644 
35.5285 31.8022 0.0 
>    # 9999 9999 9999  
34.4518 28.0633 0.0 
34.4429 28.0201 9.8863 
34.4335 27.9747 0.0 
>    # 9999 9999 9999  
36.292 35.4115 20.0 
36.2846 35.5013 20.0 
36.2875 35.4616 10.7171 
>    # 9999 9999 9999  
35.5746 32.3412 20.0 
35.5786 32.3853 10.356 
35.5827 32.431 20.0 
>    # 9999 9999 9999  
35.7725 33.7351 0.0 
35.7469 33.6973 9.6799 
35.7196 33.6566 0.0 
>    # 9999 9999 9999  
35.2421 30.2956 0.0 
35.2279 30.2525 8.9609 
35.2135 30.209 0.0 
>    # 9999 9999 9999  
35.6007 32.6106 0.0 
35.5959 32.5657 8.9618 
35.5912 32.5208 0.0 
>    # 9999 9999 9999  
34.4014 27.7967 0.0 
34.3938 27.7521 8.6528 
34.3863 27.7075 0.0 
>    # 9999 9999 9999  
35.6098 32.7003 20.0 
35.614 32.752 10.4768 
35.6171 32.7902 20.0 
>    # 9999 9999 9999  
35.1263 29.9494 0.0 
35.1112 29.906 8.9603 
35.0963 29.8632 0.0 
>    # 9999 9999 9999  
35.2711 30.3821 20.0 
35.2889 30.4245 11.3475 
35.3069 30.4668 20.0 
>    # 9999 9999 9999  
34.5513 28.4126 0.0 
34.5376 28.371 9.6777 
34.5229 28.326 0.0 
>    # 9999 9999 9999  
35.4736 31.4449 20.0 
35.4807 31.4895 11.038 
35.4878 31.5342 20.0 
>    # 9999 9999 9999  
34.7537 29.1108 0.0 
34.7396 29.0693 9.6775 
34.7244 29.0244 0.0 
>    # 9999 9999 9999  
34.6261 28.6746 20.0 
34.6369 28.7187 11.0372 
34.6478 28.7627 20.0 
>    # 9999 9999 9999  
35.5153 31.7128 0.0 
35.5088 31.6689 9.6441 
35.5019 31.6234 0.0 
>    # 9999 9999 9999  
35.1563 30.0357 20.0 
35.1708 30.079 10.3481 
35.185 30.1223 20.0 
>    # 9999 9999 9999  
36.4153 36.3929 20.0 
36.4264 36.437 11.3475 
36.4371 36.4812 20.0 
>    # 9999 9999 9999  
36.292 35.4115 0.0 
36.3154 35.3235 0.0 
36.3043 35.3645 9.8167 
>    # 9999 9999 9999  
36.2959 35.7711 0.0 
36.2919 35.728 9.6774 
36.2889 35.6812 0.0 
>    # 9999 9999 9999  
34.4165 27.8858 20.0 
34.4243 27.9297 10.61 
34.4335 27.9747 20.0 
>    # 9999 9999 9999  
35.0281 29.6932 20.0 
35.0471 29.7342 10.3559 
35.0662 29.7769 20.0 
>    # 9999 9999 9999  
34.9508 29.5261 0.0 
34.9302 29.4855 9.6455 
34.908 29.4441 0.0 
>    # 9999 9999 9999  
36.3354 34.786 20.0 
36.3361 34.8262 10.393 
36.3388 34.876 20.0 
>    # 9999 9999 9999  
35.4087 30.9072 20.0 
35.4146 30.9471 10.393 
35.4205 30.9967 20.0 
>    # 9999 9999 9999  
36.374 36.216 20.0 
36.383 36.2613 10.3568 
36.3931 36.3047 20.0 
>    # 9999 9999 9999  
35.4595 31.3556 0.0 
35.4532 31.3115 9.3893 
35.4484 31.266 0.0 
>    # 9999 9999 9999  
35.8772 33.8927 20.0 
35.9035 33.932 11.3582 
35.9318 33.9703 20.0 
>    # 9999 9999 9999  
35.3624 30.6398 0.0 
35.3532 30.5963 9.6442 
35.3427 30.5514 0.0 
>    # 9999 9999 9999  
34.6043 28.5866 0.0 
34.5932 28.5418 9.6411 
34.5797 28.4991 0.0 
>    # 9999 9999 9999  
34.6952 28.938 0.0 
34.6806 28.8938 9.6824 
34.6696 28.8508 0.0 
>    # 9999 9999 9999  
36.3124 35.9507 20.0 
36.3213 35.9935 10.3235 
36.3333 36.039 20.0 
>    # 9999 9999 9999  
36.468 36.6594 0.0 
36.4571 36.6153 8.6444 
36.4503 36.5706 0.0 
>    # 9999 9999 9999  
36.0886 34.2063 20.0 
36.1192 34.2435 11.372 
36.1541 34.278 20.0 
>    # 9999 9999 9999  
34.4946 28.2394 0.0 
34.4805 28.1961 9.7165 
34.4701 28.152 0.0 
>    # 9999 9999 9999  
36.2837 35.5913 0.0 
36.2846 35.5013 0.0 
36.2817 35.5463 9.7153 
>    # 9999 9999 9999  
35.5584 33.2303 20.0 
35.5639 33.2785 10.22 
35.5727 33.3195 20.0 
>    # 9999 9999 9999  
35.6735 33.5752 0.0 
35.6528 33.5338 9.7164 
35.6363 33.4908 0.0 
>    # 9999 9999 9999  
36.3493 35.0559 20.0 
36.3487 35.1458 20.0 
36.3517 35.1017 10.3663 
>    # 9999 9999 9999  
34.8207 29.2808 0.0 
34.7991 29.24 9.6228 
34.783 29.1972 0.0 
>    # 9999 9999 9999  
35.5981 33.4067 0.0 
35.5823 33.3638 9.7063 
35.5727 33.3195 0.0 
>    # 9999 9999 9999  
35.6009 33.0566 0.0 
35.6264 32.97 0.0 
35.6204 33.0149 9.9795 
>    # 9999 9999 9999  
36.468 36.6594 20.0 
36.4744 36.6848 12.0488 
36.4877 36.748 20.0 
>    # 9999 9999 9999  
34.3717 27.6183 20.0 
34.3822 27.6836 12.0471 
34.3863 27.7075 20.0 
>    # 9999 9999 9999  
36.4877 36.748 20.0 
36.4744 36.6848 12.0488 
36.4877 36.748 10.0 
>    # 9999 9999 9999  
34.3717 27.6183 10.0 
34.3822 27.6836 12.0471 
34.3717 27.6183 20.0 
>    # 9999 9999 9999  
34.3938 27.7521 8.6528 
34.3804 27.6732 5.6463 
34.3863 27.7075 0.0 
>    # 9999 9999 9999  
34.3822 27.6836 12.0471 
34.3804 27.6732 5.6463 
34.3938 27.7521 8.6528 
>    # 9999 9999 9999  
36.468 36.6594 0.0 
36.4759 36.6909 5.799 
36.4571 36.6153 8.6444 
>    # 9999 9999 9999  
36.4571 36.6153 8.6444 
36.4759 36.6909 5.799 
36.4744 36.6848 12.0488 
>    # 9999 9999 9999  
36.4877 36.748 10.0 
36.4759 36.6909 5.799 
36.4877 36.748 0.0 
>    # 9999 9999 9999  
36.4877 36.748 0.0 
36.4759 36.6909 5.799 
36.468 36.6594 0.0 
>    # 9999 9999 9999  
34.3717 27.6183 0.0 
34.3804 27.6732 5.6463 
34.3717 27.6183 10.0 
>    # 9999 9999 9999  
34.3863 27.7075 0.0 
34.3804 27.6732 5.6463 
34.3717 27.6183 0.0 
>    # 9999 9999 9999  
36.4744 36.6848 12.0488 
36.4759 36.6909 5.799 
36.4877 36.748 10.0 
>    # 9999 9999 9999  
34.3717 27.6183 10.0 
34.3804 27.6732 5.6463 
34.3822 27.6836 12.0471 
