35.64714233970113 35.132627665628945
35.506857121071675 34.90083059053257
35.38303953583801 34.74836713244289
35.26954008270717 34.64020156042436
35.03996164341975 34.51489261272589
34.794906005978135 34.44046758250577
34.426032783302865 34.37662188426149
34.06323129278782 34.32597594631724
33.79954279986709 34.313648707584306
33.4380716344593 34.29781177910983
33.16464113373497 34.30420454586846
32.875733434856436 34.30633535998993
32.42173562233302 34.365976197905844
32.11993025832597 34.43621271883054
31.774272832882005 34.57863263278683
31.47504700190067 34.716568404866244
31.253207161690366 34.85215766786869
31.108753312251093 34.99175044988977
30.935924599529113 35.065680518348785
30.6844084374734 35.16435856222691
30.503136179212692 35.18715393138698
30.262777746866668 35.242133837362545
29.964958502030818 35.34393754962565
29.730775847971856 35.42694764442818
